4096 1 1.00000000000000000000 1.00000000000000000000 1.35341863442172408481
4096 2 3.94928575635352923183 1.97464287817676461591 .58336310018382474025
4096 3 7.51474027828488592777 2.50491342609496197592 .64013853061601890407
4096 4 12.42179423592893807477 3.10544855898223451869 .67405609109045610598
4096 5 9.74890845053909177457 1.94978169010781835491 .33576266397711623055
4096 6 13.79652490177338855261 2.29942081696223142543 .19429981866082122155
4096 7 17.05711003528349881020 2.43673000504049983002 .87273817262771103012
4096 8 24.37324272290891354255 3.04665534036361419281 5.31096193996148591076
4096 10 15.73928252343383254841 1.57392825234338325484 
4096 12 17.54441490484027514031 1.46203457540335626169 
