2116 1 1.00000000000000000000 1.00000000000000000000 .92881752782771946636
2116 2 3.90427927123017433009 1.95213963561508716504 .38096765551381004093
2116 3 6.96497722059365440841 2.32165907353121813613 .58306088470388097422
2116 4 10.28782154386255683166 2.57195538596563920791 .33837016532791096634
2116 5 9.13548119506027481569 1.82709623901205496313 .16386717441804067343
2116 6 11.95385093466738446320 1.99230848911123074386 .06174606478437418963
2116 7 14.19336733765879439682 2.02762390537982777097 .44690980438611660258
2116 8 17.34649742614251644188 2.16831217826781455523 1.15423612897153373571
2116 10 12.65085298463562293586 1.26508529846356229358 
2116 12 13.01159818678583253733 1.08429984889881937811 
