0	1.5288e-06	0	0
.100	1.52856e-06	0	0
.200	1.52784e-06	0	0
.300	1.52663e-06	0	0
.400	1.52494e-06	0	0
.500	1.52278e-06	0	0
.600	1.52013e-06	0	0
.700	1.51699e-06	0	0
.800	1.34184e-05	0.004	0.0004
.900	1.41528e-05	0	0.0004
1.000	1.4377e-05	0	0.0004
1.100	1.36588e-05	0	0.0004
1.200	1.40555e-05	0	0.0004
1.300	1.40249e-05	0	0.0004
1.400	1.40353e-05	0	0.0004
1.500	1.41051e-05	0	0.0004
1.600	1.3405e-05	0	0.0004
1.700	1.37251e-05	0	0.0004
1.800	1.38718e-05	0	0.0004
1.900	1.34974e-05	0	0.0004
2.000	1.35736e-05	0	0.0004
2.100	1.38051e-05	0	0.0004
2.200	1.3418e-05	0	0.0004
2.300	1.32701e-05	0	0.0004
2.400	1.34505e-05	0	0.0004
2.500	1.34015e-05	0	0.0004
2.600	1.31805e-05	0	0.0004
2.700	1.3639e-05	0	0.0004
2.800	1.33207e-05	0	0.0004
2.900	1.33282e-05	0	0.0004
3.000	1.34285e-05	0	0.0004
3.100	1.29327e-05	0	0.0004
3.200	1.31931e-05	0	0.0004
3.300	1.38107e-05	0	0.0004
3.400	1.33695e-05	0	0.0004
3.500	1.34451e-05	0	0.0004
3.600	1.40811e-05	0	0.0004
3.700	1.33796e-05	0	0.0004
3.800	1.15345e-05	0	0.0004
3.900	1.17717e-05	0	0.0004
4.000	1.15546e-05	0.004	0.0008
4.100	2.95709e-05	0.004	0.0012
4.200	3.15269e-05	0	0.0012
4.300	3.06341e-05	0	0.0012
4.400	3.11956e-05	0	0.0012
4.500	2.98811e-05	0	0.0012
4.600	3.12722e-05	0	0.0012
4.700	3.04832e-05	0	0.0012
4.800	3.11753e-05	0	0.0012
4.900	2.98849e-05	0	0.0012
5.000	3.00895e-05	0	0.0012
5.100	3.13575e-05	0	0.0012
5.200	3.01055e-05	0	0.0012
5.300	3.02602e-05	0	0.0012
5.400	2.92782e-05	0	0.0012
5.500	2.97679e-05	0	0.0012
5.600	2.48508e-05	0	0.0012
5.700	3.03783e-05	0	0.0012
5.800	2.88084e-05	0	0.0012
5.900	2.98173e-05	0	0.0012
6.000	2.8536e-05	0	0.0012
6.100	2.98508e-05	0	0.0012
6.200	2.67296e-05	0	0.0012
6.300	2.47096e-05	0.004	0.0016
6.400	2.14064e-05	0	0.0016
6.500	1.95188e-05	0	0.0016
6.600	1.9535e-05	0	0.0016
6.700	1.82585e-05	0	0.0016
6.800	1.85343e-05	0	0.0016
6.900	4.69881e-05	0.004	0.002
7.000	4.47097e-05	0	0.002
7.100	4.70665e-05	0	0.002
7.200	4.42692e-05	0	0.002
7.300	4.66978e-05	0	0.002
7.400	4.07695e-05	0	0.002
7.500	4.14514e-05	0	0.002
7.600	3.68939e-05	0	0.002
7.700	3.11341e-05	0	0.002
7.800	3.79267e-05	0.004	0.0024
7.900	3.59803e-05	0	0.0024
8.000	3.50187e-05	0	0.0024
8.100	4.19173e-05	0.004	0.0028
8.200	4.75343e-05	0.004	0.0032
8.300	4.87897e-05	0	0.0032
8.400	4.86109e-05	0	0.0032
8.500	4.54178e-05	0	0.0032
8.600	4.35664e-05	0	0.0032
8.700	4.24342e-05	0	0.0032
8.800	4.02402e-05	0	0.0032
8.900	4.02438e-05	0	0.0032
9.000	4.06506e-05	0	0.0032
9.100	4.00238e-05	0	0.0032
9.200	3.9605e-05	0	0.0032
9.300	4.31004e-05	0.004	0.0036
9.400	4.4074e-05	0	0.0036
9.500	3.89599e-05	0	0.0036
9.600	4.13227e-05	0	0.0036
9.700	4.17409e-05	0	0.0036
9.800	4.09787e-05	0	0.0036
9.900	4.51778e-05	0.004	0.004
10.000	4.22507e-05	0	0.004
10.100	4.60175e-05	0	0.004
10.200	5.16565e-05	0.004	0.0044
10.300	5.17606e-05	0	0.0044
10.400	5.28542e-05	0	0.0044
10.500	4.86274e-05	0.004	0.0048
10.600	6.09181e-05	0.004	0.0052
10.700	6.27604e-05	0	0.0052
10.800	6.212e-05	0	0.0052
10.900	6.86274e-05	0.004	0.0056
11.000	7.1355e-05	0	0.0056
11.100	7.02662e-05	0	0.0056
11.200	7.0519e-05	0	0.0056
11.300	0.000106404	0.004	0.006
11.400	0.000107294	0	0.006
11.500	9.65333e-05	0	0.006
11.600	9.91765e-05	0	0.006
11.700	9.05081e-05	0	0.006
11.800	8.99738e-05	0	0.006
11.900	8.20627e-05	0	0.006
12.000	8.55679e-05	0	0.006
12.100	7.2429e-05	0	0.006
12.200	7.13665e-05	0	0.006
12.300	6.36228e-05	0	0.006
12.400	6.14404e-05	0	0.006
12.500	6.36276e-05	0.004	0.0064
12.600	6.39582e-05	0	0.0064
12.700	8.02232e-05	0.004	0.0068
12.800	7.77901e-05	0	0.0068
12.900	7.23485e-05	0	0.0068
13.000	7.07826e-05	0	0.0068
13.100	6.77419e-05	0	0.0068
13.200	6.66241e-05	0	0.0068
13.300	6.71125e-05	0	0.0068
13.400	6.41196e-05	0	0.0068
13.500	6.20384e-05	0	0.0068
13.600	6.72889e-05	0.004	0.0072
13.700	6.66427e-05	0	0.0072
13.800	6.50116e-05	0	0.0072
13.900	7.44857e-05	0.004	0.0076
14.000	8.71347e-05	0.004	0.008
14.100	8.53263e-05	0	0.008
14.200	8.70685e-05	0.004	0.0084
14.300	9.24276e-05	0.004	0.0088
14.400	8.75251e-05	0	0.0088
14.500	8.32321e-05	0	0.0088
14.600	8.17995e-05	0	0.0088
14.700	8.40751e-05	0.004	0.0092
14.800	8.00435e-05	0	0.0092
14.900	8.37918e-05	0.004	0.0096
15.000	8.36952e-05	0	0.0096
15.100	9.19428e-05	0.004	0.01
15.200	9.22956e-05	0	0.01
15.300	9.10022e-05	0	0.01
15.400	8.94359e-05	0	0.01
15.500	8.94093e-05	0	0.01
15.600	9.03364e-05	0	0.01
15.700	8.7834e-05	0	0.01
15.800	8.60831e-05	0	0.01
15.900	8.76925e-05	0	0.01
16.000	8.73609e-05	0	0.01
16.100	8.30121e-05	0	0.01
16.200	8.48569e-05	0	0.01
16.300	8.50762e-05	0	0.01
16.400	8.60374e-05	0	0.01
16.500	8.42664e-05	0	0.01
16.600	8.21071e-05	0	0.01
16.700	8.11324e-05	0	0.01
16.800	8.46314e-05	0	0.01
16.900	8.29616e-05	0	0.01
17.000	9.59872e-05	0.008	0.0108
17.100	9.7358e-05	0.004	0.0112
17.200	9.91239e-05	0	0.0112
17.300	9.95819e-05	0	0.0112
17.400	9.92482e-05	0	0.0112
17.500	0.00012171	0.004	0.0116
17.600	0.000120018	0.004	0.012
17.700	0.000118248	0	0.012
17.800	0.000134843	0.004	0.0124
17.900	0.000119483	0	0.0124
18.000	0.000116017	0	0.0124
18.100	0.000110388	0	0.0124
18.200	0.000112906	0	0.0124
18.300	0.000111425	0	0.0124
18.400	0.000110735	0	0.0124
18.500	0.000109606	0	0.0124
18.600	0.000104967	0	0.0124
18.700	0.000116935	0.004	0.0128
18.800	0.000112519	0	0.0128
18.900	0.000111196	0	0.0128
19.000	0.000115937	0.008	0.0136
19.100	0.000115748	0	0.0136
19.200	0.000110281	0	0.0136
19.300	0.000136461	0.004	0.014
19.400	0.000138895	0	0.014
19.500	0.000147038	0.004	0.0144
19.600	0.000150919	0	0.0144
19.700	0.000142053	0	0.0144
19.800	0.000138235	0	0.0144
19.900	0.000131664	0	0.0144
20.000	0.000123121	0	0.0144
20.100	0.000132937	0	0.0144
20.200	0.000139972	0.004	0.0148
20.300	0.000135778	0	0.0148
20.400	0.000127321	0	0.0148
20.500	0.00013726	0.004	0.0152
20.600	0.000167784	0.004	0.0156
20.700	0.000168631	0	0.0156
20.800	0.000187327	0.008	0.0164
20.900	0.000180997	0	0.0164
21.000	0.00017246	0	0.0164
21.100	0.000166256	0	0.0164
21.200	0.000159011	0	0.0164
21.300	0.000165005	0.004	0.0168
21.400	0.000166611	0	0.0168
21.500	0.000176441	0.004	0.0172
21.600	0.000187361	0.004	0.0176
21.700	0.000187564	0.004	0.018
21.800	0.000197686	0.008	0.0188
21.900	0.000195792	0	0.0188
22.000	0.000190978	0	0.0188
22.100	0.000208486	0.008	0.0196
22.200	0.000210644	0	0.0196
22.300	0.000214212	0.004	0.02
22.400	0.000207444	0	0.02
22.500	0.000205568	0	0.02
22.600	0.00019979	0	0.02
22.700	0.000209262	0.004	0.0204
22.800	0.000209431	0.004	0.0208
22.900	0.000203743	0	0.0208
23.000	0.000213605	0.004	0.0212
23.100	0.000216145	0.004	0.0216
23.200	0.000215311	0	0.0216
23.300	0.000237165	0.008	0.0224
23.400	0.000235641	0	0.0224
23.500	0.000246558	0.008	0.0232
23.600	0.000246743	0.008	0.024
23.700	0.000253196	0	0.024
23.800	0.000253347	0.004	0.0244
23.900	0.000259414	0	0.0244
24.000	0.00028845	0.008	0.0252
24.100	0.000280574	0.004	0.0256
24.200	0.000288662	0.012	0.0268
24.300	0.000279463	0	0.0268
24.400	0.000271152	0	0.0268
24.500	0.000287636	0.004	0.0272
24.600	0.00027958	0	0.0272
24.700	0.000277655	0	0.0272
24.800	0.000281921	0	0.0272
24.900	0.000276429	0.004	0.0276
25.000	0.000282903	0	0.0276
25.100	0.000275558	0.008	0.0284
25.200	0.000274238	0	0.0284
25.300	0.000273877	0	0.0284
25.400	0.000282496	0.012	0.0296
25.500	0.000283982	0	0.0296
25.600	0.000296367	0.008	0.0304
25.700	0.000296829	0.004	0.0308
25.800	0.000300284	0.004	0.0312
25.900	0.000327605	0.008	0.032
26.000	0.000326315	0.008	0.0328
26.100	0.000321216	0.008	0.0336
26.200	0.000350693	0.008	0.0344
26.300	0.000356774	0.008	0.0352
26.400	0.000369136	0.004	0.0356
26.500	0.000374299	0.004	0.036
26.600	0.000370169	0	0.036
26.700	0.000366369	0	0.036
26.800	0.000349707	0	0.036
26.900	0.000349452	0	0.036
27.000	0.000379548	0.012	0.0372
27.100	0.000382101	0	0.0372
27.200	0.000375754	0.004	0.0376
27.300	0.000388953	0.008	0.0384
27.400	0.000391233	0.008	0.0392
27.500	0.000380705	0	0.0392
27.600	0.000396439	0.012	0.0404
27.700	0.000390136	0.004	0.0408
27.800	0.000401692	0.004	0.0412
27.900	0.000408707	0.004	0.0416
28.000	0.000414666	0.004	0.042
28.100	0.00040144	0	0.042
28.200	0.000397988	0	0.042
28.300	0.000395513	0	0.042
28.400	0.000403955	0.012	0.0432
28.500	0.000392553	0.008	0.044
28.600	0.000407644	0	0.044
28.700	0.00040698	0.008	0.0448
28.800	0.000399731	0	0.0448
28.900	0.000408065	0.012	0.046
29.000	0.000397744	0.004	0.0464
29.100	0.000399118	0	0.0464
29.200	0.000416601	0.008	0.0472
29.300	0.000399681	0.004	0.0476
29.400	0.000447725	0.008	0.0484
29.500	0.000451145	0.004	0.0488
29.600	0.000450113	0.004	0.0492
29.700	0.000438274	0	0.0492
29.800	0.000448035	0.012	0.0504
29.900	0.000460924	0.004	0.0508
30.000	0.000479616	0.008	0.0516
30.100	0.000470406	0	0.0516
30.200	0.00046595	0	0.0516
30.300	0.000475663	0.012	0.0528
30.400	0.000483284	0.004	0.0532
30.500	0.000481443	0.004	0.0536
30.600	0.000484781	0.008	0.0544
30.700	0.000490485	0.008	0.0552
30.800	0.000503191	0.004	0.0556
30.900	0.000525818	0.008	0.0564
31.000	0.000542288	0.008	0.0572
31.100	0.000553507	0.004	0.0576
31.200	0.000545239	0	0.0576
31.300	0.000532563	0.004	0.058
31.400	0.000566904	0.016	0.0596
31.500	0.000565445	0.004	0.06
31.600	0.000551239	0	0.06
31.700	0.000569353	0.012	0.0612
31.800	0.00057842	0.008	0.062
31.900	0.000558619	0.004	0.0624
32.000	0.000568999	0.012	0.0636
32.100	0.000587083	0.012	0.0648
32.200	0.000596831	0.008	0.0656
32.300	0.000605088	0.012	0.0668
32.400	0.000603777	0	0.0668
32.500	0.000608792	0.008	0.0676
32.600	0.000597257	0.004	0.068
32.700	0.000616541	0.008	0.0688
32.800	0.000626257	0.008	0.0696
32.900	0.000638624	0.008	0.0704
33.000	0.000622281	0.004	0.0708
33.100	0.000619505	0.004	0.0712
33.200	0.000621475	0.012	0.0724
33.300	0.000631099	0.004	0.0728
33.400	0.000636557	0.012	0.074
33.500	0.000708605	0.016	0.0756
33.600	0.000731504	0.02	0.0776
33.700	0.00072301	0	0.0776
33.800	0.00069733	0.004	0.078
33.900	0.000713359	0.004	0.0784
34.000	0.000719254	0.008	0.0792
34.100	0.000713097	0.004	0.0796
34.200	0.000719083	0.008	0.0804
34.300	0.000728541	0.004	0.0808
34.400	0.000738331	0.004	0.0812
34.500	0.000735676	0.004	0.0816
34.600	0.000728308	0.004	0.082
34.700	0.000728185	0	0.082
34.800	0.000763066	0.012	0.0832
34.900	0.000739215	0.004	0.0836
35.000	0.000763578	0.004	0.084
35.100	0.000787313	0.024	0.0864
35.200	0.000767312	0.008	0.0872
35.300	0.000780803	0	0.0872
35.400	0.000780101	0.004	0.0876
35.500	0.000786767	0.012	0.0888
35.600	0.000811882	0.008	0.0896
35.700	0.000826924	0.008	0.0904
35.800	0.000794576	0	0.0904
35.900	0.000807152	0.008	0.0912
36.000	0.000809273	0	0.0912
36.100	0.000815912	0.016	0.0928
36.200	0.000810152	0.004	0.0932
36.300	0.000795923	0.004	0.0936
36.400	0.000801392	0.004	0.094
36.500	0.000790854	0.004	0.0944
36.600	0.000793785	0.012	0.0956
36.700	0.000814132	0.016	0.0972
36.800	0.000813959	0.008	0.098
36.900	0.000808288	0.004	0.0984
37.000	0.000843127	0.016	0.1
37.100	0.00085658	0.012	0.1012
37.200	0.000873819	0.016	0.1028
37.300	0.000859418	0.008	0.1036
37.400	0.000902397	0.02	0.1056
37.500	0.000905578	0.008	0.1064
37.600	0.00091069	0.008	0.1072
37.700	0.000905617	0.008	0.108
37.800	0.000899571	0.008	0.1088
37.900	0.000920272	0.004	0.1092
38.000	0.000885104	0	0.1092
38.100	0.000932241	0.024	0.1116
38.200	0.000929957	0.004	0.112
38.300	0.000960824	0.008	0.1128
38.400	0.000988354	0.024	0.1152
38.500	0.00102613	0.008	0.116
38.600	0.00100946	0.016	0.1176
38.700	0.000983799	0.012	0.1188
38.800	0.000981072	0.016	0.1204
38.900	0.000996502	0.004	0.1208
39.000	0.00101568	0.012	0.122
39.100	0.00100695	0.004	0.1224
39.200	0.00101233	0.012	0.1236
39.300	0.00102159	0.004	0.124
39.400	0.000999925	0	0.124
39.500	0.00100364	0.004	0.1244
39.600	0.00101807	0.012	0.1256
39.700	0.00104452	0.012	0.1268
39.800	0.0010642	0.012	0.128
39.900	0.00105707	0.008	0.1288
40.000	0.00107772	0.02	0.1308
40.100	0.00106912	0.008	0.1316
40.200	0.00109455	0.008	0.1324
40.300	0.00110433	0.012	0.1336
40.400	0.0010945	0.008	0.1344
40.500	0.0010943	0.004	0.1348
40.600	0.00110259	0.008	0.1356
40.700	0.00106234	0	0.1356
40.800	0.00110216	0.016	0.1372
40.900	0.00109248	0.008	0.138
41.000	0.00110334	0.012	0.1392
41.100	0.00112482	0.012	0.1404
41.200	0.00110569	0.004	0.1408
41.300	0.0010918	0.004	0.1412
41.400	0.00113343	0.008	0.142
41.500	0.00113327	0.004	0.1424
41.600	0.00113996	0.012	0.1436
41.700	0.00113029	0.012	0.1448
41.800	0.00113992	0	0.1448
41.900	0.00114006	0.016	0.1464
42.000	0.00112966	0.004	0.1468
42.100	0.0011081	0.008	0.1476
42.200	0.00111073	0.004	0.148
42.300	0.00114888	0.012	0.1492
42.400	0.00114909	0.016	0.1508
42.500	0.00117291	0.012	0.152
42.600	0.00121803	0.016	0.1536
42.700	0.00122875	0.012	0.1548
42.800	0.00122642	0.012	0.156
42.900	0.00125079	0.016	0.1576
43.000	0.00126651	0.016	0.1592
43.100	0.00135452	0.02	0.1612
43.200	0.00133732	0.016	0.1628
43.300	0.00135302	0	0.1628
43.400	0.00133608	0.004	0.1632
43.500	0.00138171	0.02	0.1652
43.600	0.00133435	0.008	0.166
43.700	0.00130606	0.012	0.1672
43.800	0.00128667	0.004	0.1676
43.900	0.00128701	0.012	0.1688
44.000	0.00126344	0.008	0.1696
44.100	0.001271	0.016	0.1712
44.200	0.00129511	0.008	0.172
44.300	0.00127326	0.012	0.1732
44.400	0.00123756	0	0.1732
44.500	0.00124523	0.012	0.1744
44.600	0.00124122	0.004	0.1748
44.700	0.0012483	0.012	0.176
44.800	0.00128037	0.016	0.1776
44.900	0.00131549	0.016	0.1792
45.000	0.00134314	0	0.1792
45.100	0.00137328	0.024	0.1816
45.200	0.0013549	0.016	0.1832
45.300	0.00135355	0.016	0.1848
45.400	0.00132012	0.004	0.1852
45.500	0.00134258	0.028	0.188
45.600	0.00135126	0.008	0.1888
45.700	0.00139631	0.024	0.1912
45.800	0.00140264	0.004	0.1916
45.900	0.00145133	0.02	0.1936
46.000	0.00143877	0.008	0.1944
46.100	0.00143289	0.008	0.1952
46.200	0.00143806	0.012	0.1964
46.300	0.00145991	0.016	0.198
46.400	0.00147364	0.016	0.1996
46.500	0.0015144	0.02	0.2016
46.600	0.00151099	0.008	0.2024
46.700	0.0014949	0.004	0.2028
46.800	0.00149519	0.02	0.2048
46.900	0.001474	0.012	0.206
47.000	0.00157953	0.024	0.2084
47.100	0.00156083	0.012	0.2096
47.200	0.00157494	0.032	0.2128
47.300	0.00158189	0.02	0.2148
47.400	0.00154553	0.004	0.2152
47.500	0.00151412	0.012	0.2164
47.600	0.00153451	0.016	0.218
47.700	0.0015742	0.028	0.2208
47.800	0.00159862	0.02	0.2228
47.900	0.00160169	0.008	0.2236
48.000	0.00160591	0.008	0.2244
48.100	0.00159843	0.012	0.2256
48.200	0.0016488	0.028	0.2284
48.300	0.00165883	0.024	0.2308
48.400	0.00173737	0.02	0.2328
48.500	0.00171773	0.004	0.2332
48.600	0.00182379	0.036	0.2368
48.700	0.00184196	0.016	0.2384
48.800	0.00182913	0.02	0.2404
48.900	0.0018625	0.016	0.242
49.000	0.00191556	0.02	0.244
49.100	0.00195201	0.012	0.2452
49.200	0.00193302	0.012	0.2464
49.300	0.00187846	0.004	0.2468
49.400	0.00188966	0.008	0.2476
49.500	0.00182879	0.008	0.2484
49.600	0.00186014	0.02	0.2504
49.700	0.00190382	0.008	0.2512
49.800	0.00187523	0.024	0.2536
49.900	0.00188414	0.02	0.2556
50.000	0.00197463	0.036	0.2592
50.100	0.00198331	0.008	0.26
50.200	0.0019855	0.012	0.2612
50.300	0.00195745	0.012	0.2624
50.400	0.00196469	0.012	0.2636
50.500	0.00200363	0.028	0.2664
50.600	0.00198845	0.016	0.268
50.700	0.00200331	0.02	0.27
50.800	0.00203165	0.008	0.2708
50.900	0.00199559	0.004	0.2712
51.000	0.00199418	0.012	0.2724
51.100	0.00203973	0.028	0.2752
51.200	0.00206894	0.008	0.276
51.300	0.00205186	0.016	0.2776
51.400	0.00207195	0.032	0.2808
51.500	0.0020555	0.004	0.2812
51.600	0.00208398	0.024	0.2836
51.700	0.00211631	0.028	0.2864
51.800	0.00213828	0.008	0.2872
51.900	0.0021745	0.028	0.29
52.000	0.00219193	0.024	0.2924
52.100	0.00220987	0.016	0.294
52.200	0.00219246	0.028	0.2968
52.300	0.00220001	0.016	0.2984
52.400	0.0021571	0.028	0.3012
52.500	0.00226635	0.016	0.3028
52.600	0.00220487	0.008	0.3036
52.700	0.00222399	0.024	0.306
52.800	0.00226643	0.032	0.3092
52.900	0.00227511	0.016	0.3108
53.000	0.00231303	0.032	0.314
53.100	0.00232325	0.012	0.3152
53.200	0.00234094	0.02	0.3172
53.300	0.00231043	0.012	0.3184
53.400	0.0023378	0.02	0.3204
53.500	0.00230521	0.004	0.3208
53.600	0.00233747	0.02	0.3228
53.700	0.00231092	0.016	0.3244
53.800	0.0023028	0.008	0.3252
53.900	0.00229225	0.012	0.3264
54.000	0.00227956	0.016	0.328
54.100	0.00231397	0.02	0.33
54.200	0.00232556	0.032	0.3332
54.300	0.00235965	0.02	0.3352
54.400	0.00237779	0.024	0.3376
54.500	0.00244266	0.028	0.3404
54.600	0.00242413	0.004	0.3408
54.700	0.00241294	0.02	0.3428
54.800	0.0024258	0.016	0.3444
54.900	0.00239615	0.012	0.3456
55.000	0.00240182	0.012	0.3468
55.100	0.00245101	0.02	0.3488
55.200	0.00252177	0.028	0.3516
55.300	0.00256869	0.024	0.354
55.400	0.00255062	0.032	0.3572
55.500	0.0025571	0.012	0.3584
55.600	0.00254863	0.02	0.3604
55.700	0.00253102	0.016	0.362
55.800	0.00254435	0.028	0.3648
55.900	0.00254449	0.016	0.3664
56.000	0.00254182	0.012	0.3676
56.100	0.00255771	0.024	0.37
56.200	0.00258155	0.032	0.3732
56.300	0.00258728	0.02	0.3752
56.400	0.00254567	0.008	0.376
56.500	0.00250698	0.008	0.3768
56.600	0.00254739	0.024	0.3792
56.700	0.00255988	0.028	0.382
56.800	0.00253397	0.016	0.3836
56.900	0.00257372	0.032	0.3868
57.000	0.00256018	0.016	0.3884
57.100	0.0025395	0.016	0.39
57.200	0.00257964	0.028	0.3928
57.300	0.00263163	0.028	0.3956
57.400	0.00265221	0.016	0.3972
57.500	0.00264471	0.028	0.4
57.600	0.00270401	0.044	0.4044
57.700	0.00274447	0.032	0.4076
57.800	0.0027395	0.02	0.4096
57.900	0.00275859	0.016	0.4112
58.000	0.00274862	0.016	0.4128
58.100	0.00275716	0.02	0.4148
58.200	0.00271815	0.008	0.4156
58.300	0.00268334	0.02	0.4176
58.400	0.00269663	0.028	0.4204
58.500	0.00273377	0.028	0.4232
58.600	0.00274087	0.032	0.4264
58.700	0.00272637	0.016	0.428
58.800	0.00274774	0.024	0.4304
58.900	0.0027144	0.016	0.432
59.000	0.00273238	0.012	0.4332
59.100	0.00274776	0.016	0.4348
59.200	0.00272533	0.016	0.4364
59.300	0.00270004	0.012	0.4376
59.400	0.00274651	0.016	0.4392
59.500	0.0026875	0.004	0.4396
59.600	0.00271485	0.024	0.442
59.700	0.00270323	0.016	0.4436
59.800	0.00271588	0.02	0.4456
59.900	0.00273153	0.016	0.4472
60.000	0.00271799	0.012	0.4484
60.100	0.00267953	0.012	0.4496
60.200	0.00275001	0.024	0.452
60.300	0.00275015	0.012	0.4532
60.400	0.00276141	0.004	0.4536
60.500	0.00273165	0.024	0.456
60.600	0.00278241	0.02	0.458
60.700	0.00279981	0.016	0.4596
60.800	0.00279477	0.02	0.4616
60.900	0.00278164	0.016	0.4632
61.000	0.00277882	0.028	0.466
61.100	0.00278425	0.02	0.468
61.200	0.00276416	0.012	0.4692
61.300	0.00278058	0.024	0.4716
61.400	0.00277092	0.004	0.472
61.500	0.00278881	0.02	0.474
61.600	0.00277377	0.008	0.4748
61.700	0.00280301	0.012	0.476
61.800	0.00277719	0.016	0.4776
61.900	0.00284237	0.028	0.4804
62.000	0.00286666	0.032	0.4836
62.100	0.00285928	0.012	0.4848
62.200	0.00288613	0.016	0.4864
62.300	0.00284767	0.004	0.4868
62.400	0.00286132	0.02	0.4888
62.500	0.00286509	0.02	0.4908
62.600	0.00285633	0.02	0.4928
62.700	0.00284074	0.016	0.4944
62.800	0.00285938	0.024	0.4968
62.900	0.00285313	0.02	0.4988
63.000	0.00283016	0.024	0.5012
63.100	0.00284752	0.016	0.5028
63.200	0.00284946	0.016	0.5044
63.300	0.00292038	0.032	0.5076
63.400	0.00287926	0.012	0.5088
63.500	0.00290985	0.024	0.5112
63.600	0.00295603	0.032	0.5144
63.700	0.00290972	0.024	0.5168
63.800	0.00292224	0.032	0.52
63.900	0.00296342	0.016	0.5216
64.000	0.00292664	0.004	0.522
64.100	0.00293608	0.028	0.5248
64.200	0.00291142	0.012	0.526
64.300	0.00291878	0.024	0.5284
64.400	0.00294437	0.024	0.5308
64.500	0.00298032	0.02	0.5328
64.600	0.00300604	0.02	0.5348
64.700	0.00298746	0.004	0.5352
64.800	0.00302464	0.02	0.5372
64.900	0.00295563	0.024	0.5396
65.000	0.00298649	0.02	0.5416
65.100	0.00297332	0.016	0.5432
65.200	0.00298936	0.02	0.5452
65.300	0.00293713	0.012	0.5464
65.400	0.00299353	0.028	0.5492
65.500	0.00299055	0.024	0.5516
65.600	0.0029928	0.036	0.5552
65.700	0.00301101	0.012	0.5564
65.800	0.00299422	0.016	0.558
65.900	0.00297296	0.008	0.5588
66.000	0.00295139	0.012	0.56
66.100	0.00293272	0.02	0.562
66.200	0.00296915	0.024	0.5644
66.300	0.0029798	0.024	0.5668
66.400	0.00300789	0.012	0.568
66.500	0.00296011	0.004	0.5684
66.600	0.00299135	0.02	0.5704
66.700	0.00299795	0.012	0.5716
66.800	0.00296404	0.012	0.5728
66.900	0.00298875	0.02	0.5748
67.000	0.0029876	0.012	0.576
67.100	0.00300433	0.02	0.578
67.200	0.00299542	0.012	0.5792
67.300	0.00301874	0.036	0.5828
67.400	0.00305964	0.02	0.5848
67.500	0.00304143	0.012	0.586
67.600	0.00301156	0.016	0.5876
67.700	0.00301942	0.012	0.5888
67.800	0.00303808	0.024	0.5912
67.900	0.00302187	0.012	0.5924
68.000	0.00299448	0.008	0.5932
68.100	0.00303126	0.02	0.5952
68.200	0.00304522	0.012	0.5964
68.300	0.00303329	0.012	0.5976
68.400	0.00302255	0.008	0.5984
68.500	0.00302601	0.02	0.6004
68.600	0.00306216	0.02	0.6024
68.700	0.0030722	0.024	0.6048
68.800	0.00306807	0.008	0.6056
68.900	0.0030899	0.024	0.608
69.000	0.0030948	0.024	0.6104
69.100	0.00308272	0.016	0.612
69.200	0.00306651	0.016	0.6136
69.300	0.00307635	0.016	0.6152
69.400	0.0030908	0.028	0.618
69.500	0.00306671	0.008	0.6188
69.600	0.00306604	0.024	0.6212
69.700	0.00306261	0.016	0.6228
69.800	0.00306181	0.016	0.6244
69.900	0.00305024	0.02	0.6264
70.000	0.00302212	0.02	0.6284
70.100	0.00304175	0.02	0.6304
70.200	0.00304781	0.004	0.6308
70.300	0.0030283	0.016	0.6324
70.400	0.00300371	0.008	0.6332
70.500	0.00295775	0.008	0.634
70.600	0.00302133	0.02	0.636
70.700	0.00303241	0.012	0.6372
70.800	0.00302297	0.008	0.638
70.900	0.00302456	0.012	0.6392
71.000	0.00300661	0.004	0.6396
71.100	0.00300056	0.024	0.642
71.200	0.00304465	0.024	0.6444
71.300	0.00301948	0.008	0.6452
71.400	0.0030417	0.016	0.6468
71.500	0.00302101	0.012	0.648
71.600	0.00303448	0.028	0.6508
71.700	0.00302835	0.004	0.6512
71.800	0.00304014	0.024	0.6536
71.900	0.00301061	0.008	0.6544
72.000	0.00297797	0.004	0.6548
72.100	0.0029654	0.02	0.6568
72.200	0.00295803	0.004	0.6572
72.300	0.00295848	0.008	0.658
72.400	0.002976	0.028	0.6608
72.500	0.00298093	0.024	0.6632
72.600	0.0030277	0.032	0.6664
72.700	0.0030311	0.008	0.6672
72.800	0.00303948	0.008	0.668
72.900	0.00302509	0.016	0.6696
73.000	0.00296515	0	0.6696
73.100	0.0029533	0	0.6696
73.200	0.00292084	0.012	0.6708
73.300	0.00294964	0.016	0.6724
73.400	0.00292525	0.008	0.6732
73.500	0.00290667	0.004	0.6736
73.600	0.00289612	0.016	0.6752
73.700	0.00287956	0.008	0.676
73.800	0.0028799	0.016	0.6776
73.900	0.00289567	0.02	0.6796
74.000	0.00289506	0	0.6796
74.100	0.00290522	0.024	0.682
74.200	0.00295628	0.012	0.6832
74.300	0.00295983	0.02	0.6852
74.400	0.00293769	0.012	0.6864
74.500	0.00294722	0.012	0.6876
74.600	0.00294054	0.004	0.688
74.700	0.00289962	0.004	0.6884
74.800	0.00286821	0	0.6884
74.900	0.00288757	0.016	0.69
75.000	0.00291379	0.02	0.692
75.100	0.00295363	0.008	0.6928
75.200	0.00293574	0.008	0.6936
75.300	0.0028995	0.008	0.6944
75.400	0.00292585	0.016	0.696
75.500	0.00292137	0.012	0.6972
75.600	0.00291682	0.016	0.6988
75.700	0.00291409	0.008	0.6996
75.800	0.00290532	0.004	0.7
75.900	0.00286874	0.008	0.7008
76.000	0.0028804	0.02	0.7028
76.100	0.00285853	0.012	0.704
76.200	0.00285647	0.012	0.7052
76.300	0.00284225	0.008	0.706
76.400	0.00283319	0.016	0.7076
76.500	0.00286436	0.016	0.7092
76.600	0.00285595	0.016	0.7108
76.700	0.00283767	0.012	0.712
76.800	0.00285378	0.012	0.7132
76.900	0.00285058	0.008	0.714
77.000	0.00282986	0.012	0.7152
77.100	0.00282296	0.02	0.7172
77.200	0.00282334	0.012	0.7184
77.300	0.00283022	0.004	0.7188
77.400	0.00280078	0	0.7188
77.500	0.002804	0.016	0.7204
77.600	0.0027925	0.012	0.7216
77.700	0.00281231	0.012	0.7228
77.800	0.00279204	0	0.7228
77.900	0.00283244	0.012	0.724
78.000	0.00282748	0.008	0.7248
78.100	0.00280671	0.008	0.7256
78.200	0.00279548	0.008	0.7264
78.300	0.00280093	0.008	0.7272
78.400	0.00277406	0.004	0.7276
78.500	0.00277628	0.012	0.7288
78.600	0.00281009	0.016	0.7304
78.700	0.0027926	0.008	0.7312
78.800	0.00275848	0.004	0.7316
78.900	0.00276622	0.008	0.7324
79.000	0.00274941	0.004	0.7328
79.100	0.00272211	0	0.7328
79.200	0.00272669	0.012	0.734
79.300	0.00269347	0	0.734
79.400	0.00267741	0.004	0.7344
79.500	0.00267246	0.008	0.7352
79.600	0.0026651	0.012	0.7364
79.700	0.0026531	0.008	0.7372
79.800	0.00262271	0	0.7372
79.900	0.00261218	0.024	0.7396
80.000	0.00264117	0.012	0.7408
80.100	0.00264459	0.008	0.7416
80.200	0.00262006	0	0.7416
80.300	0.00261614	0.004	0.742
80.400	0.00260606	0.004	0.7424
80.500	0.00260123	0.012	0.7436
80.600	0.00259908	0.004	0.744
80.700	0.00258323	0.004	0.7444
80.800	0.00259033	0.012	0.7456
80.900	0.00256962	0.008	0.7464
81.000	0.00258429	0.016	0.748
81.100	0.00259572	0.02	0.75
81.200	0.00257171	0	0.75
81.300	0.0025478	0	0.75
81.400	0.00254884	0.004	0.7504
81.500	0.0025591	0.008	0.7512
81.600	0.00255431	0.012	0.7524
81.700	0.00253166	0.012	0.7536
81.800	0.00257366	0.016	0.7552
81.900	0.00255918	0.008	0.756
82.000	0.00252735	0	0.756
82.100	0.00252637	0.012	0.7572
82.200	0.00251846	0.008	0.758
82.300	0.00255925	0.008	0.7588
82.400	0.0025395	0.008	0.7596
82.500	0.0025313	0.004	0.76
82.600	0.00250904	0.008	0.7608
82.700	0.00249849	0.016	0.7624
82.800	0.00250142	0.012	0.7636
82.900	0.0024949	0.008	0.7644
83.000	0.00249658	0.004	0.7648
83.100	0.00249543	0.012	0.766
83.200	0.00249141	0.004	0.7664
83.300	0.0024753	0.004	0.7668
83.400	0.00245504	0.004	0.7672
83.500	0.0024428	0.008	0.768
83.600	0.00245998	0.016	0.7696
83.700	0.00249585	0.028	0.7724
83.800	0.00249421	0.004	0.7728
83.900	0.00247084	0.004	0.7732
84.000	0.00245687	0.004	0.7736
84.100	0.0024475	0.008	0.7744
84.200	0.00245264	0.004	0.7748
84.300	0.00244173	0.008	0.7756
84.400	0.00241336	0	0.7756
84.500	0.00241161	0.008	0.7764
84.600	0.0023932	0	0.7764
84.700	0.00240537	0.008	0.7772
84.800	0.0023952	0	0.7772
84.900	0.00238112	0.004	0.7776
85.000	0.0023904	0.02	0.7796
85.100	0.00238913	0.012	0.7808
85.200	0.00241007	0.016	0.7824
85.300	0.00244504	0.012	0.7836
85.400	0.00243426	0.004	0.784
85.500	0.00241184	0.004	0.7844
85.600	0.00240573	0.008	0.7852
85.700	0.00239913	0	0.7852
85.800	0.0023725	0.008	0.786
85.900	0.00238465	0.004	0.7864
86.000	0.00239434	0.016	0.788
86.100	0.00238097	0.008	0.7888
86.200	0.00235396	0.008	0.7896
86.300	0.00236332	0.008	0.7904
86.400	0.00233619	0.008	0.7912
86.500	0.00234021	0.012	0.7924
86.600	0.00233373	0.008	0.7932
86.700	0.00235666	0.004	0.7936
86.800	0.00236412	0.012	0.7948
86.900	0.00232348	0	0.7948
87.000	0.00232336	0.008	0.7956
87.100	0.00232112	0	0.7956
87.200	0.00231554	0.008	0.7964
87.300	0.00230519	0.004	0.7968
87.400	0.00228478	0.016	0.7984
87.500	0.00227183	0.004	0.7988
87.600	0.00227385	0.004	0.7992
87.700	0.00225571	0.008	0.8
87.800	0.00223964	0	0.8
87.900	0.00223704	0.02	0.802
88.000	0.0022559	0.008	0.8028
88.100	0.0022562	0.004	0.8032
88.200	0.00223432	0	0.8032
88.300	0.00222837	0.008	0.804
88.400	0.00222449	0.004	0.8044
88.500	0.00221112	0	0.8044
88.600	0.00226277	0.016	0.806
88.700	0.00225162	0.008	0.8068
88.800	0.00224615	0.004	0.8072
88.900	0.00225055	0.012	0.8084
89.000	0.00227894	0.024	0.8108
89.100	0.00227414	0.012	0.812
89.200	0.00227874	0.02	0.814
89.300	0.00228036	0.004	0.8144
89.400	0.00226702	0.004	0.8148
89.500	0.0022654	0.012	0.816
89.600	0.00224878	0.004	0.8164
89.700	0.00225023	0	0.8164
89.800	0.00224035	0.012	0.8176
89.900	0.0022342	0.004	0.818
90.000	0.00224729	0.012	0.8192
90.100	0.00223361	0.008	0.82
90.200	0.00221667	0	0.82
90.300	0.00229073	0.024	0.8224
90.400	0.00229306	0.012	0.8236
90.500	0.00229219	0.012	0.8248
90.600	0.00230097	0.008	0.8256
90.700	0.00228174	0	0.8256
90.800	0.00228609	0.008	0.8264
90.900	0.00229663	0.004	0.8268
91.000	0.00229209	0.004	0.8272
91.100	0.00228352	0.004	0.8276
91.200	0.00226552	0	0.8276
91.300	0.00224841	0	0.8276
91.400	0.00222576	0.004	0.828
91.500	0.0022112	0.004	0.8284
91.600	0.00221422	0	0.8284
91.700	0.00220121	0.008	0.8292
91.800	0.00217877	0	0.8292
91.900	0.00215647	0	0.8292
92.000	0.00214132	0	0.8292
92.100	0.00214852	0.008	0.83
92.200	0.00214429	0.004	0.8304
92.300	0.00215125	0.008	0.8312
92.400	0.00213109	0	0.8312
92.500	0.00214274	0.012	0.8324
92.600	0.0021316	0.016	0.834
92.700	0.00213546	0.012	0.8352
92.800	0.0021241	0.004	0.8356
92.900	0.002114	0.004	0.836
93.000	0.00216771	0.02	0.838
93.100	0.00215779	0.004	0.8384
93.200	0.0021732	0.008	0.8392
93.300	0.0021903	0.008	0.84
93.400	0.00217767	0	0.84
93.500	0.00215908	0	0.84
93.600	0.00215772	0.004	0.8404
93.700	0.00214953	0.008	0.8412
93.800	0.00214886	0.004	0.8416
93.900	0.00213016	0.008	0.8424
94.000	0.00212786	0.012	0.8436
94.100	0.00211931	0.008	0.8444
94.200	0.00211416	0.008	0.8452
94.300	0.00210924	0.008	0.846
94.400	0.00210225	0.004	0.8464
94.500	0.00211446	0.008	0.8472
94.600	0.00209264	0	0.8472
94.700	0.00208519	0.004	0.8476
94.800	0.00209568	0.004	0.848
94.900	0.0020802	0.008	0.8488
95.000	0.00206437	0	0.8488
95.100	0.00203682	0.008	0.8496
95.200	0.00205061	0.008	0.8504
95.300	0.00203115	0	0.8504
95.400	0.00203574	0.004	0.8508
95.500	0.00203049	0.004	0.8512
95.600	0.00201779	0	0.8512
95.700	0.00200324	0.008	0.852
95.800	0.00199263	0.004	0.8524
95.900	0.00199679	0.004	0.8528
96.000	0.00198422	0.004	0.8532
96.100	0.00196552	0.008	0.854
96.200	0.00196365	0.004	0.8544
96.300	0.00195928	0.012	0.8556
96.400	0.00196716	0.012	0.8568
96.500	0.00197028	0.012	0.858
96.600	0.00198085	0.008	0.8588
96.700	0.00198269	0.004	0.8592
96.800	0.00195678	0	0.8592
96.900	0.00195546	0.004	0.8596
97.000	0.00194019	0	0.8596
97.100	0.00194892	0.012	0.8608
97.200	0.00193846	0	0.8608
97.300	0.00193436	0.008	0.8616
97.400	0.00194221	0.008	0.8624
97.500	0.0019531	0.008	0.8632
97.600	0.00195033	0.004	0.8636
97.700	0.0019647	0.004	0.864
97.800	0.00193877	0	0.864
97.900	0.00195288	0.012	0.8652
98.000	0.00196109	0.004	0.8656
98.100	0.0019574	0	0.8656
98.200	0.00193505	0	0.8656
98.300	0.00191921	0	0.8656
98.400	0.00193315	0.004	0.866
98.500	0.00192471	0.004	0.8664
98.600	0.00190538	0	0.8664
98.700	0.00197157	0.02	0.8684
98.800	0.00194858	0.008	0.8692
98.900	0.0019591	0.008	0.87
99.000	0.00196283	0.004	0.8704
99.100	0.00196167	0.008	0.8712
99.200	0.0019437	0.004	0.8716
99.300	0.00194364	0.008	0.8724
99.400	0.00195771	0.012	0.8736
99.500	0.00194087	0.004	0.874
99.600	0.00193863	0.004	0.8744
99.700	0.00191666	0	0.8744
99.800	0.00191277	0	0.8744
99.900	0.00190373	0.008	0.8752
100.000	0.00188769	0	0.8752
100.100	0.00186748	0	0.8752
100.200	0.0018493	0	0.8752
100.300	0.0018386	0	0.8752
100.400	0.0018148	0	0.8752
100.500	0.00180782	0.016	0.8768
100.600	0.00180581	0	0.8768
100.700	0.00183597	0.004	0.8772
100.800	0.00182675	0.004	0.8776
100.900	0.00179687	0.012	0.8788
101.000	0.00180626	0.004	0.8792
101.100	0.00178492	0	0.8792
101.200	0.00176227	0.004	0.8796
101.300	0.00175717	0.008	0.8804
101.400	0.00174748	0	0.8804
101.500	0.00173912	0	0.8804
101.600	0.00172175	0.004	0.8808
101.700	0.00172899	0.004	0.8812
101.800	0.00171716	0	0.8812
101.900	0.00173584	0.012	0.8824
102.000	0.00173917	0.008	0.8832
102.100	0.00173307	0	0.8832
102.200	0.00174132	0.004	0.8836
102.300	0.00175414	0.012	0.8848
102.400	0.00174969	0	0.8848
102.500	0.00172604	0	0.8848
102.600	0.0017237	0	0.8848
102.700	0.00173331	0.008	0.8856
102.800	0.00173748	0.016	0.8872
102.900	0.00172863	0	0.8872
103.000	0.00172156	0	0.8872
103.100	0.00169781	0	0.8872
103.200	0.00169553	0.004	0.8876
103.300	0.00168616	0	0.8876
103.400	0.00169703	0	0.8876
103.500	0.00168659	0	0.8876
103.600	0.00165636	0.004	0.888
103.700	0.00165484	0	0.888
103.800	0.0016582	0	0.888
103.900	0.00164741	0.008	0.8888
104.000	0.00165941	0.004	0.8892
104.100	0.00163977	0	0.8892
104.200	0.0016374	0.008	0.89
104.300	0.00162496	0.004	0.8904
104.400	0.00163942	0.004	0.8908
104.500	0.00161262	0	0.8908
104.600	0.0016154	0	0.8908
104.700	0.00160011	0	0.8908
104.800	0.00161659	0.008	0.8916
104.900	0.00161956	0.004	0.892
105.000	0.00161832	0.004	0.8924
105.100	0.00161871	0.004	0.8928
105.200	0.00160964	0	0.8928
105.300	0.00160297	0.004	0.8932
105.400	0.00158953	0.008	0.894
105.500	0.00158393	0.004	0.8944
105.600	0.00158195	0	0.8944
105.700	0.00158626	0.008	0.8952
105.800	0.00157758	0	0.8952
105.900	0.00155171	0	0.8952
106.000	0.00155431	0.004	0.8956
106.100	0.0015731	0.012	0.8968
106.200	0.00156373	0	0.8968
106.300	0.00156026	0.004	0.8972
106.400	0.00154624	0	0.8972
106.500	0.00154691	0.004	0.8976
106.600	0.00153642	0	0.8976
106.700	0.00153517	0.004	0.898
106.800	0.00152148	0	0.898
106.900	0.00154852	0.004	0.8984
107.000	0.00155274	0.008	0.8992
107.100	0.00154823	0.004	0.8996
107.200	0.00152111	0	0.8996
107.300	0.00152761	0.004	0.9
107.400	0.00150099	0	0.9
107.500	0.00150347	0	0.9
107.600	0.00148897	0	0.9
107.700	0.00147574	0	0.9
107.800	0.00147099	0	0.9
107.900	0.0014657	0	0.9
108.000	0.00150253	0.016	0.9016
108.100	0.00150275	0	0.9016
108.200	0.00149282	0	0.9016
108.300	0.00148	0.008	0.9024
108.400	0.00151652	0.004	0.9028
108.500	0.00150315	0.004	0.9032
108.600	0.00150736	0	0.9032
108.700	0.00148203	0	0.9032
108.800	0.00148417	0	0.9032
108.900	0.00146997	0	0.9032
109.000	0.00147324	0.004	0.9036
109.100	0.00147226	0	0.9036
109.200	0.00147865	0.008	0.9044
109.300	0.00147905	0	0.9044
109.400	0.00147761	0.004	0.9048
109.500	0.00147823	0.004	0.9052
109.600	0.00146449	0.004	0.9056
109.700	0.00147005	0.008	0.9064
109.800	0.00147614	0.004	0.9068
109.900	0.0014496	0	0.9068
110.000	0.00146119	0.012	0.908
110.100	0.0014678	0.004	0.9084
110.200	0.00144209	0	0.9084
110.300	0.00143301	0	0.9084
110.400	0.00141684	0	0.9084
110.500	0.00138903	0	0.9084
110.600	0.00140235	0	0.9084
110.700	0.00138965	0	0.9084
110.800	0.00137787	0.004	0.9088
110.900	0.00137376	0	0.9088
111.000	0.00137673	0.004	0.9092
111.100	0.00138144	0.012	0.9104
111.200	0.00140185	0.008	0.9112
111.300	0.00138916	0	0.9112
111.400	0.00138768	0	0.9112
111.500	0.00137631	0	0.9112
111.600	0.00137296	0.012	0.9124
111.700	0.00138133	0.004	0.9128
111.800	0.00135731	0	0.9128
111.900	0.00136975	0	0.9128
112.000	0.00137157	0.004	0.9132
112.100	0.00137097	0.004	0.9136
112.200	0.0013571	0.004	0.914
112.300	0.00135318	0	0.914
112.400	0.00133961	0.004	0.9144
112.500	0.00133408	0	0.9144
112.600	0.00132072	0	0.9144
112.700	0.00132041	0.004	0.9148
112.800	0.0013189	0	0.9148
112.900	0.00131564	0	0.9148
113.000	0.00130606	0.004	0.9152
113.100	0.0013018	0	0.9152
113.200	0.00131066	0.004	0.9156
113.300	0.00129277	0	0.9156
113.400	0.00128603	0.008	0.9164
113.500	0.00128621	0	0.9164
113.600	0.00128481	0	0.9164
113.700	0.00128167	0	0.9164
113.800	0.00127625	0	0.9164
113.900	0.00126758	0	0.9164
114.000	0.00126998	0.004	0.9168
114.100	0.00127324	0.004	0.9172
114.200	0.0012727	0	0.9172
114.300	0.0012711	0	0.9172
114.400	0.00125699	0	0.9172
114.500	0.00125578	0	0.9172
114.600	0.00127737	0.004	0.9176
114.700	0.00126928	0.004	0.918
114.800	0.00125882	0	0.918
114.900	0.0012503	0	0.918
115.000	0.00125207	0.008	0.9188
115.100	0.0012468	0	0.9188
115.200	0.00123599	0	0.9188
115.300	0.00123866	0	0.9188
115.400	0.00123739	0.004	0.9192
115.500	0.00122585	0	0.9192
115.600	0.0012076	0	0.9192
115.700	0.00122454	0.008	0.92
115.800	0.00121851	0	0.92
115.900	0.00120852	0	0.92
116.000	0.0011986	0	0.92
116.100	0.00119553	0	0.92
116.200	0.00118069	0	0.92
116.300	0.00118699	0	0.92
116.400	0.00117555	0	0.92
116.500	0.00116193	0	0.92
116.600	0.00116333	0	0.92
116.700	0.0011615	0	0.92
116.800	0.00114293	0	0.92
116.900	0.00114958	0.008	0.9208
117.000	0.00114893	0.004	0.9212
117.100	0.00113822	0	0.9212
117.200	0.00113685	0	0.9212
117.300	0.00113841	0	0.9212
117.400	0.00111779	0	0.9212
117.500	0.00112003	0	0.9212
117.600	0.00111378	0	0.9212
117.700	0.00110573	0	0.9212
117.800	0.00110571	0.004	0.9216
117.900	0.00111242	0.004	0.922
118.000	0.00111466	0.004	0.9224
118.100	0.00110593	0	0.9224
118.200	0.00109875	0	0.9224
118.300	0.00110562	0.004	0.9228
118.400	0.00111397	0.004	0.9232
118.500	0.00110161	0.008	0.924
118.600	0.00110427	0.004	0.9244
118.700	0.00108806	0	0.9244
118.800	0.00108992	0	0.9244
118.900	0.00107937	0	0.9244
119.000	0.00107997	0	0.9244
119.100	0.00110441	0.004	0.9248
119.200	0.00110167	0	0.9248
119.300	0.00109707	0	0.9248
119.400	0.00109026	0	0.9248
119.500	0.00107892	0	0.9248
119.600	0.00106983	0	0.9248
119.700	0.00106012	0	0.9248
119.800	0.00104404	0	0.9248
119.900	0.00103498	0	0.9248
120.000	0.00103301	0	0.9248
120.100	0.00102296	0	0.9248
120.200	0.00103127	0.004	0.9252
120.300	0.00101535	0	0.9252
120.400	0.00100252	0	0.9252
120.500	0.00100194	0	0.9252
120.600	0.000993057	0	0.9252
120.700	0.000991454	0.008	0.926
120.800	0.000986786	0.004	0.9264
120.900	0.000997079	0.004	0.9268
121.000	0.000993463	0	0.9268
121.100	0.00098826	0	0.9268
121.200	0.000986625	0.004	0.9272
121.300	0.00097877	0	0.9272
121.400	0.000983455	0	0.9272
121.500	0.000975311	0	0.9272
121.600	0.000971336	0	0.9272
121.700	0.00096254	0	0.9272
121.800	0.000965333	0	0.9272
121.900	0.000955437	0	0.9272
122.000	0.000948887	0	0.9272
122.100	0.000942815	0	0.9272
122.200	0.000945004	0.004	0.9276
122.300	0.000936984	0.004	0.928
122.400	0.00094063	0	0.928
122.500	0.00097934	0.004	0.9284
122.600	0.000968713	0	0.9284
122.700	0.000969975	0	0.9284
122.800	0.000962841	0.004	0.9288
122.900	0.000957679	0	0.9288
123.000	0.000956071	0	0.9288
123.100	0.000967004	0.004	0.9292
123.200	0.000967755	0	0.9292
123.300	0.000962789	0	0.9292
123.400	0.000956227	0.004	0.9296
123.500	0.000966727	0	0.9296
123.600	0.00095078	0	0.9296
123.700	0.000948768	0	0.9296
123.800	0.000938916	0	0.9296
123.900	0.000921595	0.004	0.93
124.000	0.000916823	0	0.93
124.100	0.000907096	0	0.93
124.200	0.000901019	0.004	0.9304
124.300	0.000900092	0	0.9304
124.400	0.00090066	0	0.9304
124.500	0.000892666	0	0.9304
124.600	0.000889142	0	0.9304
124.700	0.000888023	0	0.9304
124.800	0.000880412	0.004	0.9308
124.900	0.000876006	0	0.9308
125.000	0.000868839	0	0.9308
125.100	0.00086756	0	0.9308
125.200	0.0008596	0	0.9308
125.300	0.000857165	0	0.9308
125.400	0.000852967	0	0.9308
125.500	0.000852017	0	0.9308
125.600	0.000847374	0	0.9308
125.700	0.000849497	0.004	0.9312
125.800	0.000847861	0	0.9312
125.900	0.000839533	0	0.9312
126.000	0.000836598	0	0.9312
126.100	0.000838175	0.004	0.9316
126.200	0.000837824	0	0.9316
126.300	0.000832251	0.004	0.932
126.400	0.000822525	0.004	0.9324
126.500	0.000819716	0	0.9324
126.600	0.000817068	0	0.9324
126.700	0.000825139	0.004	0.9328
126.800	0.000830866	0	0.9328
126.900	0.00083885	0.008	0.9336
127.000	0.000843115	0.004	0.934
127.100	0.000840473	0	0.934
127.200	0.000835155	0	0.934
127.300	0.000836029	0.004	0.9344
127.400	0.000834161	0.004	0.9348
127.500	0.000831467	0	0.9348
127.600	0.000824591	0	0.9348
127.700	0.000826365	0.004	0.9352
127.800	0.000828	0	0.9352
127.900	0.000829944	0.004	0.9356
128.000	0.000826344	0.004	0.936
128.100	0.000826124	0	0.936
128.200	0.000825975	0	0.936
128.300	0.00082205	0	0.936
128.400	0.000818508	0	0.936
128.500	0.00081631	0	0.936
128.600	0.000817874	0	0.936
128.700	0.000810267	0	0.936
128.800	0.000828687	0.004	0.9364
128.900	0.000821177	0	0.9364
129.000	0.000813497	0	0.9364
129.100	0.000812876	0	0.9364
129.200	0.000806225	0	0.9364
129.300	0.000805613	0	0.9364
129.400	0.000797785	0	0.9364
129.500	0.000786894	0	0.9364
129.600	0.000791031	0	0.9364
129.700	0.000793874	0.004	0.9368
129.800	0.000794731	0	0.9368
129.900	0.000787284	0	0.9368
130.000	0.000781071	0	0.9368
130.100	0.000781569	0	0.9368
130.200	0.000776743	0	0.9368
130.300	0.000788991	0.008	0.9376
130.400	0.000780913	0	0.9376
130.500	0.000783057	0	0.9376
130.600	0.000772184	0	0.9376
130.700	0.000767767	0	0.9376
130.800	0.000761929	0.004	0.938
130.900	0.000762151	0.004	0.9384
131.000	0.00076958	0	0.9384
131.100	0.000766337	0	0.9384
131.200	0.000757076	0	0.9384
131.300	0.000755088	0	0.9384
131.400	0.000751757	0	0.9384
131.500	0.000744545	0	0.9384
131.600	0.00074585	0	0.9384
131.700	0.000745175	0	0.9384
131.800	0.000740047	0	0.9384
131.900	0.000739214	0	0.9384
132.000	0.000736972	0.004	0.9388
132.100	0.00074348	0.004	0.9392
132.200	0.000753242	0	0.9392
132.300	0.000758519	0.004	0.9396
132.400	0.000751526	0	0.9396
132.500	0.000753223	0	0.9396
132.600	0.000748156	0	0.9396
132.700	0.000745905	0.004	0.94
132.800	0.000737948	0	0.94
132.900	0.000741235	0	0.94
133.000	0.000717825	0	0.94
133.100	0.000726326	0	0.94
133.200	0.000720939	0	0.94
133.300	0.000719934	0.004	0.9404
133.400	0.00072166	0.004	0.9408
133.500	0.000716785	0	0.9408
133.600	0.000711017	0	0.9408
133.700	0.000708191	0	0.9408
133.800	0.000700453	0	0.9408
133.900	0.000692102	0	0.9408
134.000	0.000696105	0	0.9408
134.100	0.000689523	0	0.9408
134.200	0.000703598	0.004	0.9412
134.300	0.000703088	0	0.9412
134.400	0.000700938	0	0.9412
134.500	0.00069445	0.004	0.9416
134.600	0.000686202	0	0.9416
134.700	0.000677947	0	0.9416
134.800	0.000682924	0.004	0.942
134.900	0.000675279	0	0.942
135.000	0.000677872	0	0.942
135.100	0.000669625	0	0.942
135.200	0.000671257	0	0.942
135.300	0.000670399	0	0.942
135.400	0.000662829	0	0.942
135.500	0.000666713	0	0.942
135.600	0.00065759	0	0.942
135.700	0.000656992	0	0.942
135.800	0.000653245	0	0.942
135.900	0.000643151	0	0.942
136.000	0.000645392	0	0.942
136.100	0.000645027	0	0.942
136.200	0.000644256	0	0.942
136.300	0.000639161	0	0.942
136.400	0.000638563	0	0.942
136.500	0.00064483	0.004	0.9424
136.600	0.000643564	0	0.9424
136.700	0.000645181	0.004	0.9428
136.800	0.00063914	0	0.9428
136.900	0.000633441	0	0.9428
137.000	0.000628589	0	0.9428
137.100	0.000622869	0	0.9428
137.200	0.0006146	0	0.9428
137.300	0.000613096	0	0.9428
137.400	0.000608932	0	0.9428
137.500	0.000610699	0.004	0.9432
137.600	0.00060667	0	0.9432
137.700	0.000607823	0.004	0.9436
137.800	0.000605286	0	0.9436
137.900	0.000596215	0	0.9436
138.000	0.000594942	0	0.9436
138.100	0.000590815	0	0.9436
138.200	0.00059038	0	0.9436
138.300	0.000583013	0	0.9436
138.400	0.000575121	0	0.9436
138.500	0.000575809	0	0.9436
138.600	0.000572309	0	0.9436
138.700	0.000569448	0	0.9436
138.800	0.000566027	0	0.9436
138.900	0.000562346	0	0.9436
139.000	0.000558821	0	0.9436
139.100	0.000556432	0	0.9436
139.200	0.000552864	0	0.9436
139.300	0.00055371	0	0.9436
139.400	0.000550698	0	0.9436
139.500	0.000544465	0	0.9436
139.600	0.000542096	0	0.9436
139.700	0.000538392	0	0.9436
139.800	0.00053959	0	0.9436
139.900	0.000542232	0.004	0.944
140.000	0.000538461	0	0.944
140.100	0.000532094	0	0.944
140.200	0.000536402	0	0.944
140.300	0.000535416	0.004	0.9444
140.400	0.000538156	0.004	0.9448
140.500	0.000532882	0	0.9448
140.600	0.000534486	0	0.9448
140.700	0.000531106	0.004	0.9452
140.800	0.000527938	0.004	0.9456
140.900	0.000527994	0.004	0.946
141.000	0.000527286	0	0.946
141.100	0.000522982	0	0.946
141.200	0.000523317	0	0.946
141.300	0.000520985	0	0.946
141.400	0.00052018	0	0.946
141.500	0.000529951	0.004	0.9464
141.600	0.000525755	0	0.9464
141.700	0.00052184	0	0.9464
141.800	0.000521622	0	0.9464
141.900	0.000519055	0	0.9464
142.000	0.000518924	0	0.9464
142.100	0.000520112	0	0.9464
142.200	0.000525038	0.004	0.9468
142.300	0.000519842	0	0.9468
142.400	0.000555908	0.008	0.9476
142.500	0.000560305	0.004	0.948
142.600	0.000558552	0	0.948
142.700	0.000552379	0	0.948
142.800	0.00055516	0.004	0.9484
142.900	0.000555603	0	0.9484
143.000	0.000549066	0	0.9484
143.100	0.000538223	0	0.9484
143.200	0.000549833	0	0.9484
143.300	0.000546895	0	0.9484
143.400	0.000547256	0	0.9484
143.500	0.00053834	0	0.9484
143.600	0.000539553	0	0.9484
143.700	0.000534404	0	0.9484
143.800	0.000535554	0	0.9484
143.900	0.000531947	0	0.9484
144.000	0.000529664	0	0.9484
144.100	0.0005254	0	0.9484
144.200	0.000525473	0	0.9484
144.300	0.000509945	0	0.9484
144.400	0.000509349	0	0.9484
144.500	0.000508159	0	0.9484
144.600	0.000508401	0	0.9484
144.700	0.000502596	0	0.9484
144.800	0.000495852	0	0.9484
144.900	0.000497613	0	0.9484
145.000	0.000497206	0	0.9484
145.100	0.000494882	0	0.9484
145.200	0.000490551	0	0.9484
145.300	0.000487967	0	0.9484
145.400	0.000491293	0.004	0.9488
145.500	0.000499969	0.004	0.9492
145.600	0.000505805	0.004	0.9496
145.700	0.000508132	0	0.9496
145.800	0.000498562	0	0.9496
145.900	0.000499799	0	0.9496
146.000	0.000505037	0.004	0.95
146.100	0.000503228	0	0.95
146.200	0.000498091	0	0.95
146.300	0.000496935	0	0.95
146.400	0.000493973	0	0.95
146.500	0.000495602	0	0.95
146.600	0.000491174	0	0.95
146.700	0.000492035	0	0.95
146.800	0.000489919	0	0.95
146.900	0.000488231	0	0.95
147.000	0.000485163	0	0.95
147.100	0.000483891	0	0.95
147.200	0.000479068	0	0.95
147.300	0.000483296	0	0.95
147.400	0.000480707	0	0.95
147.500	0.000477058	0	0.95
147.600	0.000470718	0	0.95
147.700	0.000473371	0	0.95
147.800	0.000470651	0	0.95
147.900	0.000459457	0	0.95
148.000	0.000469956	0	0.95
148.100	0.000464449	0	0.95
148.200	0.000461612	0	0.95
148.300	0.000460681	0	0.95
148.400	0.000456405	0	0.95
148.500	0.000455269	0	0.95
148.600	0.000452668	0	0.95
148.700	0.000442379	0	0.95
148.800	0.000449711	0	0.95
148.900	0.000444988	0	0.95
149.000	0.000440114	0	0.95
149.100	0.000438665	0	0.95
149.200	0.000440274	0	0.95
149.300	0.000437528	0	0.95
149.400	0.000432834	0	0.95
149.500	0.000432367	0	0.95
149.600	0.000429393	0	0.95
149.700	0.000428843	0	0.95
149.800	0.000427686	0	0.95
149.900	0.000426057	0.004	0.9504
150.000	0.000421145	0	0.9504
150.100	0.000417284	0	0.9504
150.200	0.000415271	0	0.9504
150.300	0.000413517	0	0.9504
150.400	0.000412373	0	0.9504
150.500	0.000409967	0	0.9504
150.600	0.000411988	0.004	0.9508
150.700	0.000415519	0	0.9508
150.800	0.000414589	0	0.9508
150.900	0.000410452	0	0.9508
151.000	0.000410873	0	0.9508
151.100	0.000405093	0	0.9508
151.200	0.000405377	0	0.9508
151.300	0.000404642	0	0.9508
151.400	0.000403522	0	0.9508
151.500	0.000400363	0	0.9508
151.600	0.000403171	0.004	0.9512
151.700	0.000398133	0	0.9512
151.800	0.000398496	0	0.9512
151.900	0.000397417	0.004	0.9516
152.000	0.000396292	0	0.9516
152.100	0.000394007	0	0.9516
152.200	0.00039072	0	0.9516
152.300	0.000391218	0	0.9516
152.400	0.000389349	0	0.9516
152.500	0.000388903	0	0.9516
152.600	0.000386519	0	0.9516
152.700	0.000383303	0	0.9516
152.800	0.000381352	0	0.9516
152.900	0.000382157	0	0.9516
153.000	0.000380868	0.004	0.952
153.100	0.000380354	0	0.952
153.200	0.000378985	0	0.952
153.300	0.000377253	0	0.952
153.400	0.000375937	0	0.952
153.500	0.000374201	0	0.952
153.600	0.000372182	0	0.952
153.700	0.000370873	0	0.952
153.800	0.000370361	0	0.952
153.900	0.000369564	0	0.952
154.000	0.000365251	0	0.952
154.100	0.000367688	0	0.952
154.200	0.000365165	0	0.952
154.300	0.000364205	0	0.952
154.400	0.000363841	0	0.952
154.500	0.000361462	0	0.952
154.600	0.000359542	0	0.952
154.700	0.000357721	0	0.952
154.800	0.000357692	0	0.952
154.900	0.000352857	0	0.952
155.000	0.000354138	0	0.952
155.100	0.000352076	0	0.952
155.200	0.000353024	0	0.952
155.300	0.000352017	0	0.952
155.400	0.000350261	0	0.952
155.500	0.000346511	0	0.952
155.600	0.000353918	0.004	0.9524
155.700	0.00034688	0	0.9524
155.800	0.000347954	0	0.9524
155.900	0.000348088	0	0.9524
156.000	0.00034667	0	0.9524
156.100	0.000344522	0	0.9524
156.200	0.000344919	0	0.9524
156.300	0.000344112	0	0.9524
156.400	0.000341595	0	0.9524
156.500	0.000347797	0.004	0.9528
156.600	0.000345076	0	0.9528
156.700	0.000341874	0	0.9528
156.800	0.000343891	0	0.9528
156.900	0.000342766	0	0.9528
157.000	0.000342076	0	0.9528
157.100	0.000339212	0	0.9528
157.200	0.000338663	0	0.9528
157.300	0.000336585	0	0.9528
157.400	0.000334363	0	0.9528
157.500	0.00033404	0	0.9528
157.600	0.000332833	0	0.9528
157.700	0.000329991	0	0.9528
157.800	0.000328187	0	0.9528
157.900	0.000326222	0	0.9528
158.000	0.000325922	0	0.9528
158.100	0.000324767	0	0.9528
158.200	0.000324709	0	0.9528
158.300	0.000328136	0.004	0.9532
158.400	0.000327683	0	0.9532
158.500	0.000324161	0	0.9532
158.600	0.000321257	0	0.9532
158.700	0.000321042	0	0.9532
158.800	0.000326256	0.004	0.9536
158.900	0.000325226	0	0.9536
159.000	0.000323807	0	0.9536
159.100	0.000323461	0	0.9536
159.200	0.000319979	0	0.9536
159.300	0.000317764	0	0.9536
159.400	0.000317387	0	0.9536
159.500	0.000316892	0	0.9536
159.600	0.000309041	0	0.9536
159.700	0.000312762	0	0.9536
159.800	0.00031439	0.004	0.954
159.900	0.00031205	0	0.954
160.000	0.000311557	0	0.954
160.100	0.000310989	0	0.954
160.200	0.000309225	0	0.954
160.300	0.000307241	0	0.954
160.400	0.000305737	0	0.954
160.500	0.000309538	0.004	0.9544
160.600	0.000310875	0	0.9544
160.700	0.000307722	0	0.9544
160.800	0.000305952	0	0.9544
160.900	0.000303494	0	0.9544
161.000	0.000301917	0	0.9544
161.100	0.000303582	0.004	0.9548
161.200	0.000306118	0	0.9548
161.300	0.000303978	0	0.9548
161.400	0.000301724	0	0.9548
161.500	0.000311566	0.008	0.9556
161.600	0.000310381	0	0.9556
161.700	0.000324806	0.004	0.956
161.800	0.000323797	0	0.956
161.900	0.000318915	0	0.956
162.000	0.000321656	0	0.956
162.100	0.0003202	0.004	0.9564
162.200	0.000318341	0	0.9564
162.300	0.000312401	0	0.9564
162.400	0.000316027	0	0.9564
162.500	0.000316349	0	0.9564
162.600	0.000317771	0.004	0.9568
162.700	0.000311008	0	0.9568
162.800	0.000315106	0	0.9568
162.900	0.000312265	0	0.9568
163.000	0.000313453	0	0.9568
163.100	0.000310878	0	0.9568
163.200	0.000305038	0	0.9568
163.300	0.000305371	0	0.9568
163.400	0.000314066	0.004	0.9572
163.500	0.000307332	0	0.9572
163.600	0.000305804	0	0.9572
163.700	0.000306306	0	0.9572
163.800	0.000312575	0.004	0.9576
163.900	0.00031333	0	0.9576
164.000	0.000312992	0	0.9576
164.100	0.000309781	0	0.9576
164.200	0.000307597	0	0.9576
164.300	0.000307611	0	0.9576
164.400	0.000306353	0	0.9576
164.500	0.00030185	0	0.9576
164.600	0.000301124	0	0.9576
164.700	0.000300779	0	0.9576
164.800	0.000300035	0	0.9576
164.900	0.000301651	0.004	0.958
165.000	0.000305929	0	0.958
165.100	0.000301306	0	0.958
165.200	0.000302567	0	0.958
165.300	0.000301019	0	0.958
165.400	0.000295431	0	0.958
165.500	0.000296986	0	0.958
165.600	0.000300332	0.004	0.9584
165.700	0.000300997	0	0.9584
165.800	0.000298952	0	0.9584
165.900	0.000296863	0	0.9584
166.000	0.000298385	0	0.9584
166.100	0.000318643	0.004	0.9588
166.200	0.00032015	0	0.9588
166.300	0.000315825	0	0.9588
166.400	0.000312237	0	0.9588
166.500	0.000313233	0	0.9588
166.600	0.000306471	0.004	0.9592
166.700	0.00031155	0	0.9592
166.800	0.000311135	0	0.9592
166.900	0.000306581	0	0.9592
167.000	0.000302256	0	0.9592
167.100	0.000304704	0.004	0.9596
167.200	0.000302584	0	0.9596
167.300	0.000303334	0	0.9596
167.400	0.000302755	0	0.9596
167.500	0.000297066	0	0.9596
167.600	0.000295202	0	0.9596
167.700	0.000290264	0	0.9596
167.800	0.000289089	0	0.9596
167.900	0.000291875	0.004	0.96
168.000	0.00028915	0	0.96
168.100	0.000289198	0	0.96
168.200	0.000289168	0	0.96
168.300	0.000287828	0	0.96
168.400	0.000286899	0	0.96
168.500	0.000287631	0	0.96
168.600	0.000285473	0	0.96
168.700	0.000280698	0	0.96
168.800	0.000283457	0	0.96
168.900	0.000284476	0	0.96
169.000	0.000287769	0.004	0.9604
169.100	0.00028605	0	0.9604
169.200	0.000287424	0	0.9604
169.300	0.00028679	0	0.9604
169.400	0.000284672	0	0.9604
169.500	0.000282827	0	0.9604
169.600	0.000279813	0	0.9604
169.700	0.000281616	0	0.9604
169.800	0.000277775	0	0.9604
169.900	0.000276241	0	0.9604
170.000	0.000274804	0	0.9604
170.100	0.000272637	0	0.9604
170.200	0.00027353	0	0.9604
170.300	0.000271262	0	0.9604
170.400	0.000270207	0	0.9604
170.500	0.000270903	0	0.9604
170.600	0.000268987	0	0.9604
170.700	0.000267611	0	0.9604
170.800	0.000268044	0	0.9604
170.900	0.000267027	0	0.9604
171.000	0.00026279	0	0.9604
171.100	0.000263295	0	0.9604
171.200	0.000262646	0	0.9604
171.300	0.000261609	0	0.9604
171.400	0.00026033	0	0.9604
171.500	0.00025974	0	0.9604
171.600	0.000260505	0	0.9604
171.700	0.000259128	0	0.9604
171.800	0.000257615	0	0.9604
171.900	0.0002564	0	0.9604
172.000	0.000256358	0	0.9604
172.100	0.000254161	0	0.9604
172.200	0.000252991	0	0.9604
172.300	0.000251302	0	0.9604
172.400	0.00025014	0	0.9604
172.500	0.00024976	0	0.9604
172.600	0.000249563	0	0.9604
172.700	0.000246124	0	0.9604
172.800	0.000246755	0	0.9604
172.900	0.000244918	0	0.9604
173.000	0.00024438	0	0.9604
173.100	0.000242122	0	0.9604
173.200	0.000242534	0	0.9604
173.300	0.000241691	0	0.9604
173.400	0.000237269	0	0.9604
173.500	0.000242319	0.004	0.9608
173.600	0.000241117	0	0.9608
173.700	0.000238671	0	0.9608
173.800	0.000238932	0	0.9608
173.900	0.000237508	0	0.9608
174.000	0.000237121	0	0.9608
174.100	0.000235833	0	0.9608
174.200	0.000234238	0	0.9608
174.300	0.00023244	0	0.9608
174.400	0.000232456	0	0.9608
174.500	0.000231253	0	0.9608
174.600	0.000230177	0	0.9608
174.700	0.000223407	0	0.9608
174.800	0.000229439	0.004	0.9612
174.900	0.000230168	0.004	0.9616
175.000	0.000229633	0	0.9616
175.100	0.000228824	0	0.9616
175.200	0.000226957	0	0.9616
175.300	0.000228329	0	0.9616
175.400	0.000228745	0	0.9616
175.500	0.000228126	0	0.9616
175.600	0.000226809	0	0.9616
175.700	0.000220355	0	0.9616
175.800	0.000225418	0	0.9616
175.900	0.000224093	0.004	0.962
176.000	0.000222139	0	0.962
176.100	0.000227109	0.004	0.9624
176.200	0.000224825	0	0.9624
176.300	0.000226623	0	0.9624
176.400	0.00022066	0	0.9624
176.500	0.000221774	0	0.9624
176.600	0.000220612	0	0.9624
176.700	0.000219658	0	0.9624
176.800	0.000219314	0	0.9624
176.900	0.000213339	0	0.9624
177.000	0.000215302	0	0.9624
177.100	0.000214582	0	0.9624
177.200	0.000214129	0	0.9624
177.300	0.000214409	0	0.9624
177.400	0.000212715	0	0.9624
177.500	0.000212856	0	0.9624
177.600	0.000210188	0	0.9624
177.700	0.000207434	0	0.9624
177.800	0.000202885	0	0.9624
177.900	0.000207391	0	0.9624
178.000	0.000208303	0	0.9624
178.100	0.00020768	0	0.9624
178.200	0.000207906	0	0.9624
178.300	0.00020658	0	0.9624
178.400	0.00020165	0	0.9624
178.500	0.000209948	0.004	0.9628
178.600	0.000209271	0	0.9628
178.700	0.000207278	0	0.9628
178.800	0.000208005	0	0.9628
178.900	0.000207098	0	0.9628
179.000	0.00020624	0	0.9628
179.100	0.000205548	0	0.9628
179.200	0.000205463	0	0.9628
179.300	0.000203044	0	0.9628
179.400	0.0002038	0	0.9628
179.500	0.00020396	0	0.9628
179.600	0.000204473	0	0.9628
179.700	0.000202822	0	0.9628
179.800	0.00020003	0	0.9628
179.900	0.000199987	0	0.9628
180.000	0.000199179	0	0.9628
180.100	0.000207292	0.004	0.9632
180.200	0.000207878	0	0.9632
180.300	0.00021018	0.004	0.9636
180.400	0.000211017	0	0.9636
180.500	0.000211927	0	0.9636
180.600	0.000210045	0	0.9636
180.700	0.000210637	0	0.9636
180.800	0.000210184	0	0.9636
180.900	0.000209557	0	0.9636
181.000	0.00020984	0	0.9636
181.100	0.000209821	0	0.9636
181.200	0.00020756	0	0.9636
181.300	0.000207103	0	0.9636
181.400	0.000208387	0	0.9636
181.500	0.000206244	0	0.9636
181.600	0.000206394	0	0.9636
181.700	0.000206202	0	0.9636
181.800	0.000200159	0	0.9636
181.900	0.00020305	0	0.9636
182.000	0.000204306	0	0.9636
182.100	0.000202704	0	0.9636
182.200	0.000202494	0	0.9636
182.300	0.000201633	0	0.9636
182.400	0.000202462	0	0.9636
182.500	0.000201551	0	0.9636
182.600	0.00019954	0	0.9636
182.700	0.000201515	0	0.9636
182.800	0.000201302	0	0.9636
182.900	0.000199799	0	0.9636
183.000	0.000197419	0	0.9636
183.100	0.000195984	0	0.9636
183.200	0.000198624	0	0.9636
183.300	0.000198156	0	0.9636
183.400	0.00019804	0	0.9636
183.500	0.000196983	0	0.9636
183.600	0.000193354	0	0.9636
183.700	0.000192639	0	0.9636
183.800	0.00019372	0	0.9636
183.900	0.000192832	0	0.9636
184.000	0.000192967	0	0.9636
184.100	0.000192355	0	0.9636
184.200	0.000187915	0	0.9636
184.300	0.000190968	0	0.9636
184.400	0.000189448	0	0.9636
184.500	0.00018845	0	0.9636
184.600	0.000187523	0	0.9636
184.700	0.000186637	0	0.9636
184.800	0.000187825	0	0.9636
184.900	0.000184861	0	0.9636
185.000	0.000185371	0	0.9636
185.100	0.000183561	0	0.9636
185.200	0.000183181	0	0.9636
185.300	0.000182487	0	0.9636
185.400	0.00018054	0	0.9636
185.500	0.000180991	0	0.9636
185.600	0.00017875	0	0.9636
185.700	0.00017752	0	0.9636
185.800	0.000181017	0	0.9636
185.900	0.000180316	0	0.9636
186.000	0.000179703	0	0.9636
186.100	0.000178527	0	0.9636
186.200	0.000179068	0	0.9636
186.300	0.000178951	0	0.9636
186.400	0.000175646	0	0.9636
186.500	0.000174384	0	0.9636
186.600	0.000173702	0	0.9636
186.700	0.000174614	0	0.9636
186.800	0.000171618	0	0.9636
186.900	0.000173822	0	0.9636
187.000	0.000173039	0	0.9636
187.100	0.000171386	0	0.9636
187.200	0.000171058	0	0.9636
187.300	0.000168058	0	0.9636
187.400	0.000170315	0	0.9636
187.500	0.000167286	0	0.9636
187.600	0.000170508	0	0.9636
187.700	0.000169707	0	0.9636
187.800	0.00016785	0	0.9636
187.900	0.000169435	0	0.9636
188.000	0.000164944	0	0.9636
188.100	0.000167706	0	0.9636
188.200	0.000166969	0	0.9636
188.300	0.000168793	0	0.9636
188.400	0.000168863	0	0.9636
188.500	0.000175019	0.004	0.964
188.600	0.000175513	0	0.964
188.700	0.000174806	0	0.964
188.800	0.000174634	0	0.964
188.900	0.000175026	0	0.964
189.000	0.000174121	0	0.964
189.100	0.000174285	0	0.964
189.200	0.00017214	0	0.964
189.300	0.000173399	0	0.964
189.400	0.000173774	0	0.964
189.500	0.000172045	0	0.964
189.600	0.000171208	0	0.964
189.700	0.000172151	0	0.964
189.800	0.000170905	0	0.964
189.900	0.000169873	0	0.964
190.000	0.000169992	0	0.964
190.100	0.000169246	0	0.964
190.200	0.000168531	0	0.964
190.300	0.00016823	0	0.964
190.400	0.000165924	0	0.964
190.500	0.00016667	0	0.964
190.600	0.000166401	0	0.964
190.700	0.000165259	0	0.964
190.800	0.000165306	0	0.964
190.900	0.000164976	0	0.964
191.000	0.000162944	0	0.964
191.100	0.000163922	0	0.964
191.200	0.000163974	0	0.964
191.300	0.000163464	0	0.964
191.400	0.000158058	0	0.964
191.500	0.00016174	0	0.964
191.600	0.000161168	0	0.964
191.700	0.000159223	0	0.964
191.800	0.000158279	0	0.964
191.900	0.000160211	0	0.964
192.000	0.000157356	0	0.964
192.100	0.000159797	0	0.964
192.200	0.00015943	0	0.964
192.300	0.000158482	0	0.964
192.400	0.000158942	0	0.964
192.500	0.000159089	0	0.964
192.600	0.000156492	0	0.964
192.700	0.000157488	0	0.964
192.800	0.000157452	0	0.964
192.900	0.000160335	0.004	0.9644
193.000	0.000156938	0	0.9644
193.100	0.000157762	0	0.9644
193.200	0.00016591	0.004	0.9648
193.300	0.000165092	0	0.9648
193.400	0.000165498	0	0.9648
193.500	0.000158389	0	0.9648
193.600	0.00016347	0	0.9648
193.700	0.000163347	0	0.9648
193.800	0.000171253	0.004	0.9652
193.900	0.000169657	0	0.9652
194.000	0.000167809	0	0.9652
194.100	0.000170216	0	0.9652
194.200	0.000169012	0	0.9652
194.300	0.000168399	0	0.9652
194.400	0.00016827	0	0.9652
194.500	0.000168	0	0.9652
194.600	0.000167101	0	0.9652
194.700	0.000163949	0	0.9652
194.800	0.000162373	0	0.9652
194.900	0.000160033	0	0.9652
195.000	0.000161956	0	0.9652
195.100	0.000161631	0	0.9652
195.200	0.000161106	0	0.9652
195.300	0.000159577	0	0.9652
195.400	0.000161162	0	0.9652
195.500	0.000161015	0	0.9652
195.600	0.000161017	0	0.9652
195.700	0.000158783	0	0.9652
195.800	0.000157413	0	0.9652
195.900	0.000158521	0	0.9652
196.000	0.000157604	0	0.9652
196.100	0.000156014	0	0.9652
196.200	0.000150381	0	0.9652
196.300	0.00015598	0	0.9652
196.400	0.000153537	0	0.9652
196.500	0.000154832	0	0.9652
196.600	0.000156653	0	0.9652
196.700	0.000154931	0	0.9652
196.800	0.000153909	0	0.9652
196.900	0.000153358	0	0.9652
197.000	0.000154161	0	0.9652
197.100	0.000152582	0	0.9652
197.200	0.00015217	0	0.9652
197.300	0.000151799	0	0.9652
197.400	0.000150532	0	0.9652
197.500	0.000148772	0	0.9652
197.600	0.000147278	0	0.9652
197.700	0.000142593	0	0.9652
197.800	0.000146201	0	0.9652
197.900	0.000144457	0	0.9652
198.000	0.000146147	0	0.9652
198.100	0.000150889	0.004	0.9656
198.200	0.000149556	0	0.9656
198.300	0.000146423	0	0.9656
198.400	0.00014566	0	0.9656
198.500	0.000144188	0	0.9656
198.600	0.000142347	0	0.9656
198.700	0.000144036	0	0.9656
198.800	0.00014226	0	0.9656
198.900	0.000142233	0	0.9656
199.000	0.000142371	0	0.9656
199.100	0.000141585	0	0.9656
199.200	0.000141818	0	0.9656
199.300	0.00014115	0	0.9656
199.400	0.000141394	0	0.9656
199.500	0.000141337	0	0.9656
199.600	0.000139476	0	0.9656
199.700	0.000140379	0	0.9656
199.800	0.000139658	0	0.9656
199.900	0.000138449	0	0.9656
