6084 1 1.00000000000000000000 1.00000000000000000000 .96767659886959961367
6084 2 3.92190507008191835413 1.96095253504095917706 .96492249262882665317
6084 3 7.96500044964339819727 2.65500014988113273242 .58959226815122721743
6084 4 11.93117937505504924640 2.98279484376376231160 1.30777062167905755474
6084 5 9.99312188369257206833 1.99862437673851441366 7.12920980455094938345
6084 6 14.81387965944142990855 2.46897994324023831809 
6084 7 17.98674519054276765420 2.56953502722039537917 
6084 8 24.07314485231472044072 3.00914310653934005509 
6084 10 16.99846832382955950469 1.69984683238295595046 
6084 12 18.12648572912894948127 1.51054047742741245677 
