1369 1 1.00000000000000000000 1.00000000000000000000 .37676252467568923561
1369 2 3.68035765555145400106 1.84017882777572700053 .20635476339404807976
1369 3 6.94465684893551812420 2.31488561631183937473 .24197241077088034018
1369 4 10.11872166715532601096 2.52968041678883150274 1.36300117127331940871
1369 5 9.46307818860601970006 1.89261563772120394001 .37688504257823937393
1369 6 12.07786404212475906403 2.01297734035412651067 .09078847596813785499
1369 7 14.54873856929761981970 2.07839122418537425995 .11277356225264258412
1369 8 18.57103829660413596701 2.32137978707551699587 .41144233393309550384
1369 10 13.76703795759305287060 1.37670379575930528706 .63139720963773526829
1369 12 14.00721818783523050121 1.16726818231960254176 
