1024 1 1.00000000000000000000 1.00000000000000000000 1.10851251684408140310
1024 2 3.81776392508469048358 1.90888196254234524179 .24014496542440334282
1024 3 7.03257838536353125212 2.34419279512117708404 .13966972813975396900
1024 4 11.24004674294100062505 2.81001168573525015626 .97624083086421780898
1024 5 8.88621519422481952561 1.77724303884496390512 .32547817132279728984
1024 6 11.59127851577826355024 1.93187975262971059170 .07162758490386861443
1024 7 14.57051162364678487005 2.08150166052096926715 .06947992877951618189
1024 8 19.81855353948377204191 2.47731919243547150523 .36843617369582890816
1024 10 11.55027646938357567069 1.15502764693835756706 .52860829615192934241
1024 12 13.38738060275580653897 1.11561505022965054491 
