0	1.77341e-06	0	0
.100	1.77317e-06	0	0
.200	1.77244e-06	0	0
.300	1.77124e-06	0	0
.400	1.76955e-06	0	0
.500	1.76738e-06	0	0
.600	1.76473e-06	0	0
.700	1.7616e-06	0	0
.800	1.39562e-05	0.00342936	0.000342936
.900	1.41238e-05	0	0.000342936
1.000	1.40449e-05	0	0.000342936
1.100	1.33203e-05	0	0.000342936
1.200	1.35748e-05	0	0.000342936
1.300	1.36944e-05	0	0.000342936
1.400	1.32677e-05	0	0.000342936
1.500	1.07773e-05	0	0.000342936
1.600	1.36918e-05	0	0.000342936
1.700	1.3394e-05	0	0.000342936
1.800	1.32009e-05	0	0.000342936
1.900	1.32497e-05	0	0.000342936
2.000	2.19811e-05	0.00342936	0.000685871
2.100	2.20283e-05	0	0.000685871
2.200	2.28482e-05	0	0.000685871
2.300	2.26263e-05	0	0.000685871
2.400	2.2933e-05	0	0.000685871
2.500	2.24624e-05	0	0.000685871
2.600	2.34213e-05	0	0.000685871
2.700	2.35715e-05	0	0.000685871
2.800	2.28997e-05	0	0.000685871
2.900	2.3302e-05	0	0.000685871
3.000	2.32275e-05	0	0.000685871
3.100	2.40914e-05	0	0.000685871
3.200	2.3061e-05	0	0.000685871
3.300	2.41706e-05	0	0.000685871
3.400	2.41093e-05	0	0.000685871
3.500	2.25392e-05	0	0.000685871
3.600	2.29866e-05	0	0.000685871
3.700	2.28216e-05	0	0.000685871
3.800	2.28433e-05	0	0.000685871
3.900	2.12794e-05	0	0.000685871
4.000	2.1399e-05	0	0.000685871
4.100	2.27467e-05	0	0.000685871
4.200	2.1739e-05	0	0.000685871
4.300	2.23341e-05	0	0.000685871
4.400	2.19265e-05	0	0.000685871
4.500	2.2161e-05	0	0.000685871
4.600	2.23133e-05	0	0.000685871
4.700	3.74878e-05	0.00342936	0.00102881
4.800	4.01715e-05	0	0.00102881
4.900	4.42812e-05	0.00342936	0.00137174
5.000	4.57616e-05	0	0.00137174
5.100	4.44874e-05	0	0.00137174
5.200	4.49334e-05	0	0.00137174
5.300	4.41873e-05	0	0.00137174
5.400	4.40335e-05	0	0.00137174
5.500	4.45912e-05	0	0.00137174
5.600	4.25684e-05	0	0.00137174
5.700	3.95893e-05	0	0.00137174
5.800	3.98914e-05	0	0.00137174
5.900	3.69988e-05	0	0.00137174
6.000	4.18947e-05	0.00342936	0.00171468
6.100	4.07307e-05	0	0.00171468
6.200	4.18551e-05	0	0.00171468
6.300	3.80601e-05	0	0.00171468
6.400	3.77343e-05	0	0.00171468
6.500	3.77674e-05	0	0.00171468
6.600	3.71656e-05	0	0.00171468
6.700	3.7399e-05	0	0.00171468
6.800	4.32773e-05	0.00342936	0.00205761
6.900	4.49026e-05	0	0.00205761
7.000	4.21154e-05	0	0.00205761
7.100	4.15801e-05	0	0.00205761
7.200	4.19915e-05	0	0.00205761
7.300	4.19171e-05	0	0.00205761
7.400	3.79572e-05	0.00342936	0.00240055
7.500	3.86202e-05	0	0.00240055
7.600	3.94948e-05	0	0.00240055
7.700	3.79322e-05	0	0.00240055
7.800	2.96174e-05	0	0.00240055
7.900	3.75949e-05	0	0.00240055
8.000	4.24583e-05	0.00342936	0.00274348
8.100	3.89366e-05	0	0.00274348
8.200	3.79446e-05	0	0.00274348
8.300	3.82445e-05	0	0.00274348
8.400	3.78771e-05	0	0.00274348
8.500	3.45062e-05	0	0.00274348
8.600	3.50242e-05	0	0.00274348
8.700	3.50214e-05	0	0.00274348
8.800	4.98045e-05	0.00685871	0.00342936
8.900	5.39035e-05	0.00342936	0.00377229
9.000	5.01861e-05	0	0.00377229
9.100	4.92015e-05	0	0.00377229
9.200	5.99434e-05	0.00342936	0.00411523
9.300	5.83743e-05	0	0.00411523
9.400	5.72752e-05	0	0.00411523
9.500	7.02238e-05	0.00342936	0.00445816
9.600	7.10354e-05	0	0.00445816
9.700	6.7909e-05	0	0.00445816
9.800	6.71665e-05	0	0.00445816
9.900	6.83863e-05	0	0.00445816
10.000	7.41049e-05	0.00342936	0.0048011
10.100	6.72924e-05	0	0.0048011
10.200	7.02348e-05	0	0.0048011
10.300	7.11778e-05	0	0.0048011
10.400	6.79495e-05	0	0.0048011
10.500	7.19627e-05	0	0.0048011
10.600	7.12898e-05	0	0.0048011
10.700	7.12932e-05	0	0.0048011
10.800	6.37948e-05	0	0.0048011
10.900	6.68745e-05	0	0.0048011
11.000	6.81902e-05	0	0.0048011
11.100	6.46501e-05	0	0.0048011
11.200	7.05568e-05	0.00342936	0.00514403
11.300	6.78149e-05	0	0.00514403
11.400	6.56074e-05	0	0.00514403
11.500	6.80093e-05	0	0.00514403
11.600	6.71051e-05	0	0.00514403
11.700	6.74502e-05	0	0.00514403
11.800	6.44384e-05	0	0.00514403
11.900	6.65647e-05	0	0.00514403
12.000	6.49881e-05	0	0.00514403
12.100	7.05196e-05	0.00342936	0.00548697
12.200	7.54066e-05	0	0.00548697
12.300	7.62073e-05	0.00342936	0.0058299
12.400	7.76771e-05	0	0.0058299
12.500	6.51692e-05	0	0.0058299
12.600	7.42299e-05	0	0.0058299
12.700	7.63082e-05	0.00342936	0.00617284
12.800	7.53122e-05	0	0.00617284
12.900	7.56372e-05	0	0.00617284
13.000	7.51288e-05	0	0.00617284
13.100	7.66532e-05	0	0.00617284
13.200	7.86279e-05	0.00342936	0.00651578
13.300	7.62171e-05	0	0.00651578
13.400	7.52889e-05	0	0.00651578
13.500	7.45256e-05	0.00342936	0.00685871
13.600	7.57207e-05	0	0.00685871
13.700	7.60681e-05	0.00342936	0.00720165
13.800	8.70653e-05	0.00342936	0.00754458
13.900	8.25513e-05	0	0.00754458
14.000	8.60369e-05	0	0.00754458
14.100	8.62042e-05	0	0.00754458
14.200	8.1901e-05	0	0.00754458
14.300	9.5692e-05	0.00342936	0.00788752
14.400	9.5806e-05	0	0.00788752
14.500	9.09151e-05	0	0.00788752
14.600	9.56968e-05	0.00685871	0.00857339
14.700	9.77298e-05	0	0.00857339
14.800	9.84083e-05	0	0.00857339
14.900	0.000108159	0.00342936	0.00891632
15.000	0.000114635	0.00342936	0.00925926
15.100	0.000117354	0.00342936	0.00960219
15.200	0.000114217	0	0.00960219
15.300	0.000118506	0.00342936	0.00994513
15.400	0.000123079	0.00342936	0.0102881
15.500	0.000111482	0	0.0102881
15.600	0.000124275	0	0.0102881
15.700	0.000117582	0	0.0102881
15.800	0.000117914	0	0.0102881
15.900	0.000117527	0	0.0102881
16.000	0.000122886	0.00342936	0.010631
16.100	0.000118257	0	0.010631
16.200	0.000118457	0	0.010631
16.300	0.000121405	0.00342936	0.0109739
16.400	0.000126702	0	0.0109739
16.500	0.000141095	0.00342936	0.0113169
16.600	0.00015107	0.00342936	0.0116598
16.700	0.00015121	0	0.0116598
16.800	0.000149755	0	0.0116598
16.900	0.000147886	0	0.0116598
17.000	0.00014654	0	0.0116598
17.100	0.000148706	0	0.0116598
17.200	0.000167455	0.00685871	0.0123457
17.300	0.000162537	0	0.0123457
17.400	0.000160082	0	0.0123457
17.500	0.000164781	0.00685871	0.0130316
17.600	0.000170828	0	0.0130316
17.700	0.000166941	0	0.0130316
17.800	0.000162971	0	0.0130316
17.900	0.000163101	0	0.0130316
18.000	0.000167406	0	0.0130316
18.100	0.000179782	0.00342936	0.0133745
18.200	0.00018234	0	0.0133745
18.300	0.000181973	0	0.0133745
18.400	0.000170139	0	0.0133745
18.500	0.000167788	0	0.0133745
18.600	0.000179952	0.00685871	0.0140604
18.700	0.000177815	0	0.0140604
18.800	0.000178492	0	0.0140604
18.900	0.000173589	0	0.0140604
19.000	0.000174581	0	0.0140604
19.100	0.000162901	0	0.0140604
19.200	0.000168736	0.00342936	0.0144033
19.300	0.000169992	0	0.0144033
19.400	0.000181656	0.00342936	0.0147462
19.500	0.000169309	0	0.0147462
19.600	0.000182923	0.00342936	0.0150892
19.700	0.000186592	0.00342936	0.0154321
19.800	0.000178741	0	0.0154321
19.900	0.000190579	0.00342936	0.015775
20.000	0.000186382	0	0.015775
20.100	0.000187009	0.00342936	0.016118
20.200	0.000184909	0	0.016118
20.300	0.00018131	0	0.016118
20.400	0.000182084	0.00342936	0.0164609
20.500	0.000179628	0	0.0164609
20.600	0.000178306	0.00342936	0.0168038
20.700	0.000177226	0	0.0168038
20.800	0.000182019	0.00342936	0.0171468
20.900	0.000210166	0.00685871	0.0178326
21.000	0.000211482	0	0.0178326
21.100	0.000204915	0	0.0178326
21.200	0.000219081	0.00342936	0.0181756
21.300	0.000223716	0.00342936	0.0185185
21.400	0.000227689	0.00342936	0.0188615
21.500	0.000235531	0.00685871	0.0195473
21.600	0.000232511	0.00685871	0.0202332
21.700	0.000240381	0.00342936	0.0205761
21.800	0.00024062	0	0.0205761
21.900	0.000235955	0.00342936	0.0209191
22.000	0.000234876	0	0.0209191
22.100	0.000232011	0	0.0209191
22.200	0.000229125	0	0.0209191
22.300	0.000236048	0.00342936	0.021262
22.400	0.000235493	0.00342936	0.0216049
22.500	0.000243219	0.0102881	0.0226337
22.600	0.000240638	0	0.0226337
22.700	0.000237076	0	0.0226337
22.800	0.000237644	0	0.0226337
22.900	0.000232918	0	0.0226337
23.000	0.000234522	0	0.0226337
23.100	0.000229135	0	0.0226337
23.200	0.00025008	0.0102881	0.0236626
23.300	0.000249268	0.00342936	0.0240055
23.400	0.000263001	0.00342936	0.0243484
23.500	0.000259495	0	0.0243484
23.600	0.000274205	0.00342936	0.0246914
23.700	0.000288622	0.00685871	0.0253772
23.800	0.000280941	0	0.0253772
23.900	0.000277445	0	0.0253772
24.000	0.000284566	0.00342936	0.0257202
24.100	0.000280879	0	0.0257202
24.200	0.000277505	0	0.0257202
24.300	0.000270392	0	0.0257202
24.400	0.00027813	0.00342936	0.0260631
24.500	0.000278742	0	0.0260631
24.600	0.000291041	0.00685871	0.026749
24.700	0.000285881	0	0.026749
24.800	0.000283697	0	0.026749
24.900	0.000283421	0	0.026749
25.000	0.000280435	0	0.026749
25.100	0.000279259	0.00342936	0.0270919
25.200	0.000280415	0	0.0270919
25.300	0.00029162	0.00685871	0.0277778
25.400	0.000285486	0.00342936	0.0281207
25.500	0.000277656	0	0.0281207
25.600	0.000281118	0.00685871	0.0288066
25.700	0.000300194	0.00685871	0.0294925
25.800	0.000291722	0	0.0294925
25.900	0.000308253	0.00685871	0.0301783
26.000	0.000310648	0.00342936	0.0305213
26.100	0.000313908	0	0.0305213
26.200	0.000309227	0	0.0305213
26.300	0.000311039	0	0.0305213
26.400	0.000346624	0.0102881	0.0315501
26.500	0.000351929	0.00342936	0.031893
26.600	0.000360103	0.0102881	0.0329218
26.700	0.000378074	0.00342936	0.0332647
26.800	0.000390613	0.00342936	0.0336077
26.900	0.000387643	0	0.0336077
27.000	0.000379173	0	0.0336077
27.100	0.000371729	0	0.0336077
27.200	0.000376843	0	0.0336077
27.300	0.000377603	0.00685871	0.0342936
27.400	0.000385936	0.00342936	0.0346365
27.500	0.000388707	0	0.0346365
27.600	0.000382995	0.00685871	0.0353224
27.700	0.000405282	0.00342936	0.0356653
27.800	0.000406538	0	0.0356653
27.900	0.000413448	0.00342936	0.0360082
28.000	0.000419304	0.00685871	0.0366941
28.100	0.000411836	0	0.0366941
28.200	0.000427534	0.00685871	0.03738
28.300	0.000408535	0.00342936	0.0377229
28.400	0.000398306	0.00342936	0.0380658
28.500	0.000388807	0	0.0380658
28.600	0.000388345	0.00342936	0.0384088
28.700	0.000386432	0.0102881	0.0394376
28.800	0.000380209	0	0.0394376
28.900	0.000380692	0	0.0394376
29.000	0.000409366	0.00685871	0.0401235
29.100	0.000397476	0	0.0401235
29.200	0.000396478	0	0.0401235
29.300	0.000415963	0.00685871	0.0408093
29.400	0.000411486	0	0.0408093
29.500	0.000410635	0.00342936	0.0411523
29.600	0.000399055	0	0.0411523
29.700	0.000400147	0	0.0411523
29.800	0.000410856	0.00685871	0.0418381
29.900	0.000409296	0	0.0418381
30.000	0.000407764	0.00342936	0.0421811
30.100	0.000443754	0.00342936	0.042524
30.200	0.000457755	0.00342936	0.0428669
30.300	0.000465927	0.00342936	0.0432099
30.400	0.000463895	0	0.0432099
30.500	0.000470589	0.00685871	0.0438957
30.600	0.000462765	0	0.0438957
30.700	0.000480822	0.00685871	0.0445816
30.800	0.000479509	0.0102881	0.0456104
30.900	0.000526579	0.0137174	0.0469822
31.000	0.000523953	0	0.0469822
31.100	0.000518066	0.00342936	0.0473251
31.200	0.000494679	0.00685871	0.048011
31.300	0.000551073	0.00685871	0.0486968
31.400	0.000540346	0	0.0486968
31.500	0.000534551	0	0.0486968
31.600	0.000546138	0.00342936	0.0490398
31.700	0.000557227	0.0102881	0.0500686
31.800	0.000548842	0	0.0500686
31.900	0.000546642	0.00342936	0.0504115
32.000	0.000560127	0.00685871	0.0510974
32.100	0.000556964	0.00342936	0.0514403
32.200	0.000543959	0	0.0514403
32.300	0.000530691	0	0.0514403
32.400	0.00052935	0.00685871	0.0521262
32.500	0.000527289	0	0.0521262
32.600	0.000519534	0.00342936	0.0524691
32.700	0.000547176	0.00685871	0.053155
32.800	0.000538129	0.00342936	0.0534979
32.900	0.000546964	0	0.0534979
33.000	0.000587213	0.0137174	0.0548697
33.100	0.000591212	0.00342936	0.0552126
33.200	0.000572774	0	0.0552126
33.300	0.000581207	0.00342936	0.0555556
33.400	0.000615289	0.0102881	0.0565844
33.500	0.000620417	0.00342936	0.0569273
33.600	0.000642816	0.00342936	0.0572702
33.700	0.000686393	0.0137174	0.058642
33.800	0.000741771	0.0171468	0.0603567
33.900	0.00074914	0.0137174	0.0617284
34.000	0.00076303	0.00685871	0.0624143
34.100	0.000725136	0	0.0624143
34.200	0.000768785	0.00685871	0.0631001
34.300	0.000730853	0	0.0631001
34.400	0.000750568	0.0102881	0.0641289
34.500	0.000745826	0.00342936	0.0644719
34.600	0.000723537	0.00342936	0.0648148
34.700	0.000708385	0.00685871	0.0655007
34.800	0.00074685	0.0137174	0.0668724
34.900	0.000746015	0.00685871	0.0675583
35.000	0.000732405	0.0102881	0.0685871
35.100	0.000739694	0.00685871	0.069273
35.200	0.000763326	0.00685871	0.0699588
35.300	0.000775752	0.00685871	0.0706447
35.400	0.000770171	0.00685871	0.0713306
35.500	0.000789096	0.0137174	0.0727023
35.600	0.000822315	0.0171468	0.074417
35.700	0.000814256	0.00685871	0.0751029
35.800	0.00079292	0.00342936	0.0754458
35.900	0.000771596	0.00342936	0.0757888
36.000	0.000789314	0.0137174	0.0771605
36.100	0.000768235	0	0.0771605
36.200	0.000769943	0.0102881	0.0781893
36.300	0.000799802	0.00685871	0.0788752
36.400	0.000817459	0.0102881	0.079904
36.500	0.00079883	0.00342936	0.0802469
36.600	0.000813282	0.0137174	0.0816187
36.700	0.000812473	0.00685871	0.0823045
36.800	0.000822711	0.00685871	0.0829904
36.900	0.000838788	0.0102881	0.0840192
37.000	0.000835319	0.0102881	0.085048
37.100	0.000833403	0.00685871	0.0857339
37.200	0.000839715	0.00685871	0.0864198
37.300	0.000831494	0.00685871	0.0871056
37.400	0.000837622	0.00342936	0.0874486
37.500	0.000828912	0.0102881	0.0884774
37.600	0.00088526	0.00685871	0.0891632
37.700	0.000884692	0.0137174	0.090535
37.800	0.000916766	0.0102881	0.0915638
37.900	0.000898315	0.00342936	0.0919067
38.000	0.000860416	0	0.0919067
38.100	0.000904408	0.0137174	0.0932785
38.200	0.000903683	0.0137174	0.0946502
38.300	0.000910158	0.0102881	0.095679
38.400	0.000950115	0.0171468	0.0973937
38.500	0.00098121	0.0102881	0.0984225
38.600	0.0010262	0.0205761	0.10048
38.700	0.00103816	0.0102881	0.101509
38.800	0.00102001	0.00342936	0.101852
38.900	0.00109025	0.0137174	0.103224
39.000	0.00107905	0.0102881	0.104252
39.100	0.0010886	0.0102881	0.105281
39.200	0.0010856	0	0.105281
39.300	0.00112458	0.0137174	0.106653
39.400	0.00111095	0.00685871	0.107339
39.500	0.0011208	0.0205761	0.109396
39.600	0.00114303	0.00685871	0.110082
39.700	0.00111389	0.00342936	0.110425
39.800	0.00108803	0.00342936	0.110768
39.900	0.00114221	0.0171468	0.112483
40.000	0.0011555	0.0102881	0.113512
40.100	0.00114759	0.0102881	0.11454
40.200	0.00114614	0.0137174	0.115912
40.300	0.00119926	0.0137174	0.117284
40.400	0.00117602	0.00685871	0.11797
40.500	0.00121768	0.0240055	0.12037
40.600	0.00119684	0.00685871	0.121056
40.700	0.00117842	0.00685871	0.121742
40.800	0.0012924	0.0377229	0.125514
40.900	0.00130077	0.0171468	0.127229
41.000	0.0012715	0.00342936	0.127572
41.100	0.00126493	0.00342936	0.127915
41.200	0.0012622	0.0137174	0.129287
41.300	0.00130114	0.0240055	0.131687
41.400	0.00131893	0.0102881	0.132716
41.500	0.00131874	0.0205761	0.134774
41.600	0.00133952	0.00342936	0.135117
41.700	0.00135404	0.0171468	0.136831
41.800	0.00135881	0.00685871	0.137517
41.900	0.00134695	0.0102881	0.138546
42.000	0.00133768	0.00685871	0.139232
42.100	0.00135346	0.0137174	0.140604
42.200	0.00136203	0.0205761	0.142661
42.300	0.00136127	0	0.142661
42.400	0.00138268	0.0205761	0.144719
42.500	0.0013905	0.00685871	0.145405
42.600	0.00145394	0.0342936	0.148834
42.700	0.00143032	0.00685871	0.14952
42.800	0.00142166	0.0171468	0.151235
42.900	0.00145397	0.0240055	0.153635
43.000	0.00145633	0.0137174	0.155007
43.100	0.00146915	0.0137174	0.156379
43.200	0.0014936	0.0240055	0.158779
43.300	0.00152781	0.0240055	0.16118
43.400	0.0015781	0.0205761	0.163237
43.500	0.00159896	0.0240055	0.165638
43.600	0.00166531	0.0205761	0.167695
43.700	0.00165269	0.0137174	0.169067
43.800	0.00162802	0.00685871	0.169753
43.900	0.00163395	0.0171468	0.171468
44.000	0.00166669	0.0205761	0.173525
44.100	0.00166623	0.0137174	0.174897
44.200	0.00165954	0.00685871	0.175583
44.300	0.00164933	0.00685871	0.176269
44.400	0.0017065	0.0274348	0.179012
44.500	0.00175822	0.0137174	0.180384
44.600	0.00177883	0.0137174	0.181756
44.700	0.0017914	0.0171468	0.183471
44.800	0.0018156	0.0171468	0.185185
44.900	0.00184854	0.0137174	0.186557
45.000	0.00197402	0.0342936	0.189986
45.100	0.00193388	0.00685871	0.190672
45.200	0.00192551	0.0137174	0.192044
45.300	0.00191011	0.0102881	0.193073
45.400	0.00194214	0.00685871	0.193759
45.500	0.00191789	0.00685871	0.194444
45.600	0.00183945	0.0137174	0.195816
45.700	0.00187069	0.0308642	0.198903
45.800	0.00187937	0.0205761	0.20096
45.900	0.00187481	0.0171468	0.202675
46.000	0.00187093	0.00685871	0.203361
46.100	0.00188655	0.00685871	0.204047
46.200	0.00187885	0.0137174	0.205418
46.300	0.00191189	0.0102881	0.206447
46.400	0.00189969	0.0137174	0.207819
46.500	0.00190173	0.00685871	0.208505
46.600	0.0018898	0.00685871	0.209191
46.700	0.00188073	0.0137174	0.210562
46.800	0.0019225	0.0205761	0.21262
46.900	0.0019003	0.00342936	0.212963
47.000	0.00193157	0.0240055	0.215364
47.100	0.00192361	0.0171468	0.217078
47.200	0.00193014	0.00342936	0.217421
47.300	0.00192861	0.0137174	0.218793
47.400	0.00193496	0.0137174	0.220165
47.500	0.00197888	0.0240055	0.222565
47.600	0.00201575	0.00685871	0.223251
47.700	0.00201021	0.0137174	0.224623
47.800	0.0020867	0.0308642	0.227709
47.900	0.00212264	0.00685871	0.228395
48.000	0.00214514	0.0171468	0.23011
48.100	0.00220718	0.0377229	0.233882
48.200	0.00225106	0.0205761	0.23594
48.300	0.00226361	0.0205761	0.237997
48.400	0.00227106	0.0102881	0.239026
48.500	0.00229064	0.0205761	0.241084
48.600	0.0022773	0.0205761	0.243141
48.700	0.00226472	0.0102881	0.24417
48.800	0.00228086	0.0240055	0.246571
48.900	0.00235813	0.0308642	0.249657
49.000	0.00236244	0.0102881	0.250686
49.100	0.0023664	0.0205761	0.252743
49.200	0.00237761	0.0102881	0.253772
49.300	0.00232465	0.00685871	0.254458
49.400	0.00229727	0.0205761	0.256516
49.500	0.00232402	0.0137174	0.257888
49.600	0.00234979	0.0171468	0.259602
49.700	0.00233049	0.0137174	0.260974
49.800	0.00232116	0.00685871	0.26166
49.900	0.00230061	0.0171468	0.263374
50.000	0.00232206	0.0205761	0.265432
50.100	0.00230698	0.0137174	0.266804
50.200	0.00231394	0.0308642	0.26989
50.300	0.00238336	0.0240055	0.272291
50.400	0.00233385	0.00342936	0.272634
50.500	0.00247111	0.0377229	0.276406
50.600	0.00249743	0.0274348	0.27915
50.700	0.0025017	0.0137174	0.280521
50.800	0.00251928	0.0137174	0.281893
50.900	0.00253528	0.0240055	0.284294
51.000	0.00251848	0.0171468	0.286008
51.100	0.00249114	0.00685871	0.286694
51.200	0.00250685	0.0171468	0.288409
51.300	0.00250672	0.0240055	0.290809
51.400	0.00256627	0.0205761	0.292867
51.500	0.00260888	0.0308642	0.295953
51.600	0.0026257	0.0171468	0.297668
51.700	0.00260797	0.0171468	0.299383
51.800	0.00259347	0.0137174	0.300754
51.900	0.0025986	0.0205761	0.302812
52.000	0.00268808	0.0274348	0.305556
52.100	0.00269586	0.0240055	0.307956
52.200	0.00267683	0.0205761	0.310014
52.300	0.00269524	0.0240055	0.312414
52.400	0.00265111	0.0102881	0.313443
52.500	0.00263742	0.0171468	0.315158
52.600	0.00262765	0.0205761	0.317215
52.700	0.00262477	0.0137174	0.318587
52.800	0.00266631	0.0274348	0.321331
52.900	0.00263348	0.0171468	0.323045
53.000	0.00265147	0.0102881	0.324074
53.100	0.0026421	0.0137174	0.325446
53.200	0.00262799	0.0308642	0.328532
53.300	0.00269094	0.0274348	0.331276
53.400	0.00270826	0.0308642	0.334362
53.500	0.0027124	0.0240055	0.336763
53.600	0.00271788	0.0102881	0.337791
53.700	0.00269219	0.0137174	0.339163
53.800	0.0026845	0.0205761	0.341221
53.900	0.00274652	0.0171468	0.342936
54.000	0.00270774	0.0102881	0.343964
54.100	0.00273364	0.0240055	0.346365
54.200	0.00277537	0.0171468	0.34808
54.300	0.00274656	0.0137174	0.349451
54.400	0.00272109	0.0171468	0.351166
54.500	0.00275274	0.0274348	0.353909
54.600	0.00278218	0.0308642	0.356996
54.700	0.00283828	0.0274348	0.359739
54.800	0.00286274	0.0171468	0.361454
54.900	0.00287955	0.0171468	0.363169
55.000	0.00289335	0.0240055	0.365569
55.100	0.00295956	0.0274348	0.368313
55.200	0.00298238	0.0308642	0.371399
55.300	0.0029967	0.0342936	0.374829
55.400	0.00300058	0.0171468	0.376543
55.500	0.00302476	0.0171468	0.378258
55.600	0.00303931	0.0308642	0.381344
55.700	0.00306248	0.0411523	0.38546
55.800	0.00308254	0.0308642	0.388546
55.900	0.00307632	0.0171468	0.390261
56.000	0.00303763	0.0240055	0.392661
56.100	0.00304755	0.0102881	0.39369
56.200	0.00304233	0.0205761	0.395748
56.300	0.00306091	0.0205761	0.397805
56.400	0.00304991	0.0342936	0.401235
56.500	0.00307465	0.0205761	0.403292
56.600	0.0031095	0.0240055	0.405693
56.700	0.00309963	0.0137174	0.407064
56.800	0.0031242	0.0274348	0.409808
56.900	0.00319522	0.0411523	0.413923
57.000	0.00317818	0.0137174	0.415295
57.100	0.00326987	0.0411523	0.41941
57.200	0.00329047	0.0205761	0.421468
57.300	0.00326669	0.0205761	0.423525
57.400	0.00331063	0.0205761	0.425583
57.500	0.00329034	0.0137174	0.426955
57.600	0.00329902	0.0102881	0.427984
57.700	0.00331065	0.0171468	0.429698
57.800	0.00333178	0.0171468	0.431413
57.900	0.00335464	0.0171468	0.433128
58.000	0.00332325	0.0205761	0.435185
58.100	0.00335998	0.0342936	0.438615
58.200	0.00332395	0.0102881	0.439643
58.300	0.00328894	0.00685871	0.440329
58.400	0.00327087	0.0137174	0.441701
58.500	0.00326456	0.0205761	0.443759
58.600	0.0032767	0.0240055	0.446159
58.700	0.00335073	0.0274348	0.448903
58.800	0.00329351	0.0171468	0.450617
58.900	0.00334386	0.0342936	0.454047
59.000	0.00331729	0.0102881	0.455075
59.100	0.00337696	0.0342936	0.458505
59.200	0.00342334	0.0240055	0.460905
59.300	0.00341207	0.0411523	0.465021
59.400	0.00339575	0.0102881	0.466049
59.500	0.00339001	0.0171468	0.467764
59.600	0.0034256	0.0308642	0.47085
59.700	0.00340381	0.0137174	0.472222
59.800	0.00347932	0.048011	0.477023
59.900	0.00354283	0.0240055	0.479424
60.000	0.00346528	0.0171468	0.481139
60.100	0.00352965	0.0308642	0.484225
60.200	0.00351757	0.0240055	0.486626
60.300	0.00356347	0.0274348	0.489369
60.400	0.00355902	0.0240055	0.49177
60.500	0.00358829	0.0205761	0.493827
60.600	0.00357932	0.0240055	0.496228
60.700	0.00357434	0.0205761	0.498285
60.800	0.0036455	0.0308642	0.501372
60.900	0.0036519	0.0205761	0.503429
61.000	0.00365061	0.0240055	0.50583
61.100	0.00367833	0.0308642	0.508916
61.200	0.00369458	0.0171468	0.510631
61.300	0.00367114	0.0240055	0.513032
61.400	0.00369167	0.0205761	0.515089
61.500	0.00365812	0.0445816	0.519547
61.600	0.00371136	0.0240055	0.521948
61.700	0.00374955	0.0342936	0.525377
61.800	0.00372052	0.0240055	0.527778
61.900	0.00372882	0.0342936	0.531207
62.000	0.00369594	0.0240055	0.533608
62.100	0.00370805	0.0205761	0.535665
62.200	0.00373891	0.0137174	0.537037
62.300	0.00370352	0.0171468	0.538752
62.400	0.00373544	0.0308642	0.541838
62.500	0.0037447	0.0240055	0.544239
62.600	0.00372289	0.0240055	0.546639
62.700	0.00373703	0.0342936	0.550069
62.800	0.00378751	0.0342936	0.553498
62.900	0.00381351	0.0137174	0.55487
63.000	0.00382481	0.0205761	0.556927
63.100	0.00381359	0.0342936	0.560357
63.200	0.00382971	0.0171468	0.562071
63.300	0.00381282	0.0137174	0.563443
63.400	0.00383405	0.0308642	0.566529
63.500	0.0037931	0.0102881	0.567558
63.600	0.00386185	0.0308642	0.570645
63.700	0.0038388	0.0171468	0.572359
63.800	0.00386072	0.0342936	0.575789
63.900	0.00384021	0.0171468	0.577503
64.000	0.00381643	0.0102881	0.578532
64.100	0.00381291	0.0137174	0.579904
64.200	0.00382083	0.0274348	0.582647
64.300	0.00383558	0.0308642	0.585734
64.400	0.00382803	0.0171468	0.587449
64.500	0.00388493	0.0411523	0.591564
64.600	0.00386943	0.0171468	0.593278
64.700	0.00388532	0.0411523	0.597394
64.800	0.00390116	0.0308642	0.60048
64.900	0.00393334	0.0240055	0.602881
65.000	0.00390341	0.0171468	0.604595
65.100	0.00390525	0.0205761	0.606653
65.200	0.00388679	0.0102881	0.607682
65.300	0.00386893	0.0137174	0.609053
65.400	0.00387615	0.0171468	0.610768
65.500	0.00381337	0.0102881	0.611797
65.600	0.00381166	0.00685871	0.612483
65.700	0.00372599	0.00685871	0.613169
65.800	0.00376289	0.0274348	0.615912
65.900	0.00376246	0.0171468	0.617627
66.000	0.00373901	0.0102881	0.618656
66.100	0.00380991	0.0342936	0.622085
66.200	0.00375869	0.0102881	0.623114
66.300	0.00375115	0.0171468	0.624829
66.400	0.00375677	0.0102881	0.625857
66.500	0.00375094	0.0171468	0.627572
66.600	0.00374289	0.0137174	0.628944
66.700	0.00375071	0.0171468	0.630658
66.800	0.00374232	0.0137174	0.63203
66.900	0.00377768	0.0137174	0.633402
67.000	0.00378869	0.0102881	0.634431
67.100	0.0037596	0.0102881	0.63546
67.200	0.00373226	0.0205761	0.637517
67.300	0.00369973	0.0137174	0.638889
67.400	0.00376029	0.0308642	0.641975
67.500	0.00373609	0.00685871	0.642661
67.600	0.0037431	0.0137174	0.644033
67.700	0.00377103	0.0274348	0.646776
67.800	0.00373277	0.0171468	0.648491
67.900	0.00375772	0.0171468	0.650206
68.000	0.00373035	0.00685871	0.650892
68.100	0.00370357	0.0171468	0.652606
68.200	0.00371845	0.0274348	0.65535
68.300	0.0037322	0.0240055	0.65775
68.400	0.00374408	0.0102881	0.658779
68.500	0.0037322	0.0171468	0.660494
68.600	0.00372647	0.0102881	0.661523
68.700	0.00369891	0.00685871	0.662209
68.800	0.0036697	0.00342936	0.662551
68.900	0.00362567	0.0171468	0.664266
69.000	0.00361007	0.0171468	0.665981
69.100	0.00360366	0.0137174	0.667353
69.200	0.00360114	0.0137174	0.668724
69.300	0.00360261	0.0137174	0.670096
69.400	0.00359443	0.0171468	0.671811
69.500	0.00359497	0.0137174	0.673182
69.600	0.0035892	0.0171468	0.674897
69.700	0.00358151	0.0171468	0.676612
69.800	0.00368575	0.0377229	0.680384
69.900	0.0036993	0.0171468	0.682099
70.000	0.00366073	0.00685871	0.682785
70.100	0.00363256	0.0102881	0.683813
70.200	0.00364856	0.0137174	0.685185
70.300	0.00368845	0.0137174	0.686557
70.400	0.00367619	0.0102881	0.687586
70.500	0.00368023	0.0102881	0.688615
70.600	0.00371431	0.0205761	0.690672
70.700	0.00368324	0.0137174	0.692044
70.800	0.00369481	0.0308642	0.69513
70.900	0.00362897	0.00342936	0.695473
71.000	0.00367608	0.0171468	0.697188
71.100	0.00364741	0.0137174	0.69856
71.200	0.00362528	0.0102881	0.699588
71.300	0.00360751	0.0205761	0.701646
71.400	0.00357303	0.0171468	0.703361
71.500	0.00362238	0.0274348	0.706104
71.600	0.00358535	0.0102881	0.707133
71.700	0.0036012	0.0137174	0.708505
71.800	0.00357143	0.0137174	0.709877
71.900	0.00356307	0.00685871	0.710562
72.000	0.00357405	0.0205761	0.71262
72.100	0.00353929	0	0.71262
72.200	0.00352861	0.0137174	0.713992
72.300	0.00351554	0.0240055	0.716392
72.400	0.00351993	0.0102881	0.717421
72.500	0.00349368	0.0240055	0.719822
72.600	0.0035296	0.0205761	0.721879
72.700	0.00350068	0.0102881	0.722908
72.800	0.00350003	0.0205761	0.724966
72.900	0.00348298	0.0171468	0.72668
73.000	0.00350309	0.0102881	0.727709
73.100	0.0034815	0.0102881	0.728738
73.200	0.00352083	0.0205761	0.730796
73.300	0.00351867	0.0102881	0.731824
73.400	0.00354591	0.0137174	0.733196
73.500	0.00354205	0.0240055	0.735597
73.600	0.00354819	0.00685871	0.736283
73.700	0.00351944	0.0102881	0.737311
73.800	0.00354492	0.0274348	0.740055
73.900	0.00353948	0.00685871	0.740741
74.000	0.00349846	0.0102881	0.74177
74.100	0.00351319	0.0240055	0.74417
74.200	0.0034727	0.00685871	0.744856
74.300	0.00351766	0.0240055	0.747257
74.400	0.00353139	0.0137174	0.748628
74.500	0.00351326	0.0137174	0.75
74.600	0.00350246	0.0137174	0.751372
74.700	0.00349965	0.0102881	0.752401
74.800	0.0035218	0.00685871	0.753086
74.900	0.00350431	0.00685871	0.753772
75.000	0.00352243	0.0205761	0.75583
75.100	0.00355568	0.0171468	0.757545
75.200	0.00353019	0.0102881	0.758573
75.300	0.00351945	0.0171468	0.760288
75.400	0.00351356	0.0102881	0.761317
75.500	0.00348576	0.00685871	0.762003
75.600	0.00348383	0.0102881	0.763032
75.700	0.00345988	0.00685871	0.763717
75.800	0.00348258	0.0171468	0.765432
75.900	0.00348751	0.0102881	0.766461
76.000	0.00345482	0.00685871	0.767147
76.100	0.00343265	0.00342936	0.76749
76.200	0.00343088	0.00685871	0.768176
76.300	0.00341592	0.0137174	0.769547
76.400	0.00341604	0.0102881	0.770576
76.500	0.00338122	0.0171468	0.772291
76.600	0.0033719	0.0205761	0.774348
76.700	0.00335762	0.0274348	0.777092
76.800	0.00336617	0.0102881	0.778121
76.900	0.00335227	0.0102881	0.77915
77.000	0.00333136	0.00342936	0.779492
77.100	0.00331481	0.00685871	0.780178
77.200	0.00329946	0	0.780178
77.300	0.00329451	0.0102881	0.781207
77.400	0.00328496	0.00685871	0.781893
77.500	0.00329213	0.0205761	0.783951
77.600	0.0032954	0.0137174	0.785322
77.700	0.00327913	0.00685871	0.786008
77.800	0.00329051	0.0205761	0.788066
77.900	0.00328446	0.0102881	0.789095
78.000	0.00325503	0.00342936	0.789438
78.100	0.00329927	0.0240055	0.791838
78.200	0.0033383	0.0205761	0.793896
78.300	0.00330203	0.0137174	0.795267
78.400	0.00333992	0.0137174	0.796639
78.500	0.00335704	0.0205761	0.798697
78.600	0.00334453	0.00685871	0.799383
78.700	0.00334884	0.0102881	0.800412
78.800	0.00334441	0.0102881	0.80144
78.900	0.0033379	0.00685871	0.802126
79.000	0.00333535	0.00685871	0.802812
79.100	0.00327673	0.00685871	0.803498
79.200	0.00330415	0.0102881	0.804527
79.300	0.00332035	0.00685871	0.805213
79.400	0.00329172	0.00342936	0.805556
79.500	0.00326086	0.0137174	0.806927
79.600	0.0032829	0.0102881	0.807956
79.700	0.00325397	0.00685871	0.808642
79.800	0.00326931	0.0137174	0.810014
79.900	0.0032255	0	0.810014
80.000	0.00321888	0.00342936	0.810357
80.100	0.00324267	0.0137174	0.811728
80.200	0.00324701	0.0137174	0.8131
80.300	0.00325148	0.0102881	0.814129
80.400	0.00324106	0.0171468	0.815844
80.500	0.00322837	0.00342936	0.816187
80.600	0.00320368	0.00342936	0.816529
80.700	0.00319057	0.0137174	0.817901
80.800	0.0031599	0.00342936	0.818244
80.900	0.00317997	0.0102881	0.819273
81.000	0.0031865	0.00685871	0.819959
81.100	0.00318497	0.0102881	0.820988
81.200	0.00318659	0.0102881	0.822016
81.300	0.00313391	0	0.822016
81.400	0.00314281	0.0137174	0.823388
81.500	0.00313853	0.00342936	0.823731
81.600	0.00313859	0.0102881	0.82476
81.700	0.0031302	0.0137174	0.826132
81.800	0.00314159	0.0102881	0.82716
81.900	0.00312362	0.00685871	0.827846
82.000	0.00310839	0.0102881	0.828875
82.100	0.00308745	0.00342936	0.829218
82.200	0.00310178	0.0171468	0.830933
82.300	0.00310629	0.00342936	0.831276
82.400	0.00309382	0.00685871	0.831962
82.500	0.00307032	0.00685871	0.832647
82.600	0.0030491	0.00685871	0.833333
82.700	0.00305146	0.00342936	0.833676
82.800	0.00302241	0.0137174	0.835048
82.900	0.00300882	0.0102881	0.836077
83.000	0.00299709	0.0102881	0.837106
83.100	0.0029661	0.0102881	0.838134
83.200	0.00297184	0.00685871	0.83882
83.300	0.00293907	0.00342936	0.839163
83.400	0.00295587	0.00342936	0.839506
83.500	0.00293319	0	0.839506
83.600	0.00290919	0.0102881	0.840535
83.700	0.00289102	0.00685871	0.841221
83.800	0.00289099	0.0102881	0.84225
83.900	0.0028917	0.0205761	0.844307
84.000	0.0028874	0.0205761	0.846365
84.100	0.00287809	0.00685871	0.847051
84.200	0.00285827	0.00685871	0.847737
84.300	0.00284142	0	0.847737
84.400	0.00282814	0.0102881	0.848765
84.500	0.00281235	0.0171468	0.85048
84.600	0.00279356	0	0.85048
84.700	0.00283558	0.0137174	0.851852
84.800	0.00285632	0.00685871	0.852538
84.900	0.00284658	0.00685871	0.853224
85.000	0.00280663	0.00342936	0.853567
85.100	0.00279813	0.00685871	0.854252
85.200	0.00277548	0	0.854252
85.300	0.00273849	0	0.854252
85.400	0.00273552	0	0.854252
85.500	0.00272762	0.00685871	0.854938
85.600	0.00272012	0.0171468	0.856653
85.700	0.00270726	0.00685871	0.857339
85.800	0.00268427	0.00342936	0.857682
85.900	0.00267593	0.0102881	0.858711
86.000	0.00266885	0.00342936	0.859053
86.100	0.00265355	0.00342936	0.859396
86.200	0.00267681	0.00685871	0.860082
86.300	0.00265276	0.00342936	0.860425
86.400	0.00264802	0.00685871	0.861111
86.500	0.00264074	0.00685871	0.861797
86.600	0.00264278	0	0.861797
86.700	0.00263652	0.00685871	0.862483
86.800	0.0026366	0.00342936	0.862826
86.900	0.00261458	0.00685871	0.863512
87.000	0.00259614	0.00342936	0.863855
87.100	0.00260084	0.00342936	0.864198
87.200	0.00257317	0	0.864198
87.300	0.00254843	0.00685871	0.864883
87.400	0.00253064	0.00342936	0.865226
87.500	0.00253018	0.00342936	0.865569
87.600	0.00252259	0.0102881	0.866598
87.700	0.00254503	0.0171468	0.868313
87.800	0.00252938	0.00342936	0.868656
87.900	0.00251084	0.00342936	0.868999
88.000	0.00250244	0.00342936	0.869342
88.100	0.00249906	0.00342936	0.869684
88.200	0.00247939	0.00342936	0.870027
88.300	0.00247161	0.00342936	0.87037
88.400	0.00246221	0.0102881	0.871399
88.500	0.00246883	0.00342936	0.871742
88.600	0.00246012	0.00342936	0.872085
88.700	0.00245223	0.00342936	0.872428
88.800	0.00242784	0.00685871	0.873114
88.900	0.00242277	0	0.873114
89.000	0.00240534	0.00342936	0.873457
89.100	0.00239277	0.00685871	0.874143
89.200	0.0023733	0	0.874143
89.300	0.00238709	0.0102881	0.875171
89.400	0.00238295	0.00685871	0.875857
89.500	0.00238234	0	0.875857
89.600	0.00236472	0	0.875857
89.700	0.00235403	0.00685871	0.876543
89.800	0.00235945	0.0102881	0.877572
89.900	0.00233613	0.00342936	0.877915
90.000	0.00234132	0.00342936	0.878258
90.100	0.00233694	0.00342936	0.878601
90.200	0.00232559	0.00342936	0.878944
90.300	0.00231727	0	0.878944
90.400	0.00233831	0.00685871	0.87963
90.500	0.00236124	0.0102881	0.880658
90.600	0.00235119	0.00342936	0.881001
90.700	0.00234341	0	0.881001
90.800	0.00232203	0.00685871	0.881687
90.900	0.00228934	0	0.881687
91.000	0.0022899	0.00342936	0.88203
91.100	0.00229609	0.00685871	0.882716
91.200	0.00230064	0.00342936	0.883059
91.300	0.00229851	0.00342936	0.883402
91.400	0.00228331	0.00685871	0.884088
91.500	0.00230544	0.0102881	0.885117
91.600	0.00228013	0.00342936	0.88546
91.700	0.00229395	0.0102881	0.886488
91.800	0.00228358	0.00342936	0.886831
91.900	0.00225919	0.00685871	0.887517
92.000	0.0022769	0.00685871	0.888203
92.100	0.00226264	0.00342936	0.888546
92.200	0.00225744	0.00342936	0.888889
92.300	0.0022222	0.00342936	0.889232
92.400	0.00222348	0.00342936	0.889575
92.500	0.00221841	0.0102881	0.890604
92.600	0.002212	0.00342936	0.890947
92.700	0.00222401	0.0102881	0.891975
92.800	0.00224128	0.0102881	0.893004
92.900	0.00221473	0.00342936	0.893347
93.000	0.00220471	0.00342936	0.89369
93.100	0.00218322	0	0.89369
93.200	0.00215728	0.00342936	0.894033
93.300	0.00215212	0	0.894033
93.400	0.00213842	0	0.894033
93.500	0.00213538	0.00342936	0.894376
93.600	0.0021584	0.0137174	0.895748
93.700	0.00215802	0.00685871	0.896433
93.800	0.00213308	0.00342936	0.896776
93.900	0.00212943	0	0.896776
94.000	0.00212251	0.00685871	0.897462
94.100	0.00213734	0.0102881	0.898491
94.200	0.00212359	0.00342936	0.898834
94.300	0.00211216	0.00342936	0.899177
94.400	0.0020966	0	0.899177
94.500	0.00206036	0	0.899177
94.600	0.0020712	0.00342936	0.89952
94.700	0.00206733	0	0.89952
94.800	0.0020636	0.00685871	0.900206
94.900	0.00206706	0.00685871	0.900892
95.000	0.00203704	0	0.900892
95.100	0.00204371	0.00342936	0.901235
95.200	0.00203412	0	0.901235
95.300	0.00203504	0.00685871	0.90192
95.400	0.00204003	0.00685871	0.902606
95.500	0.00202603	0	0.902606
95.600	0.00201631	0.00342936	0.902949
95.700	0.0020005	0	0.902949
95.800	0.00199049	0	0.902949
95.900	0.00197646	0	0.902949
96.000	0.00199111	0.00342936	0.903292
96.100	0.00198934	0.00685871	0.903978
96.200	0.00198102	0.00342936	0.904321
96.300	0.0019573	0	0.904321
96.400	0.0019439	0.00342936	0.904664
96.500	0.00193904	0	0.904664
96.600	0.00192373	0	0.904664
96.700	0.00191297	0.00342936	0.905007
96.800	0.0019052	0.00342936	0.90535
96.900	0.00192929	0.00342936	0.905693
97.000	0.00191867	0.00342936	0.906036
97.100	0.00190447	0	0.906036
97.200	0.00190405	0	0.906036
97.300	0.00190962	0.0102881	0.907064
97.400	0.0018997	0.00342936	0.907407
97.500	0.00188991	0.00342936	0.90775
97.600	0.00188596	0.00342936	0.908093
97.700	0.00189343	0.00342936	0.908436
97.800	0.00186929	0	0.908436
97.900	0.00185372	0	0.908436
98.000	0.00186281	0	0.908436
98.100	0.0018596	0.00342936	0.908779
98.200	0.00185327	0.00685871	0.909465
98.300	0.0018443	0.00342936	0.909808
98.400	0.00182704	0.00342936	0.910151
98.500	0.00182742	0.00342936	0.910494
98.600	0.00186371	0.0102881	0.911523
98.700	0.00184649	0	0.911523
98.800	0.00185226	0.0102881	0.912551
98.900	0.00183393	0	0.912551
99.000	0.00182349	0	0.912551
99.100	0.00182113	0.00342936	0.912894
99.200	0.00178968	0	0.912894
99.300	0.00179988	0.00342936	0.913237
99.400	0.00178745	0	0.913237
99.500	0.00177783	0.00342936	0.91358
99.600	0.00177501	0	0.91358
99.700	0.00176881	0.00342936	0.913923
99.800	0.00178368	0.00342936	0.914266
99.900	0.00176845	0.00342936	0.914609
100.000	0.00176565	0.00342936	0.914952
100.100	0.00175486	0.00342936	0.915295
100.200	0.00173825	0.00342936	0.915638
100.300	0.00174415	0	0.915638
100.400	0.00172871	0.00342936	0.915981
100.500	0.00171959	0.00342936	0.916324
100.600	0.00170861	0	0.916324
100.700	0.00169584	0.00342936	0.916667
100.800	0.00168483	0	0.916667
100.900	0.00166894	0.00342936	0.91701
101.000	0.00166865	0	0.91701
101.100	0.00166516	0.00342936	0.917353
101.200	0.0016545	0	0.917353
101.300	0.0016425	0.00342936	0.917695
101.400	0.00162498	0	0.917695
101.500	0.00162313	0	0.917695
101.600	0.00161676	0	0.917695
101.700	0.00160176	0	0.917695
101.800	0.00159297	0	0.917695
101.900	0.00158267	0	0.917695
102.000	0.00158641	0.00342936	0.918038
102.100	0.00158652	0.00685871	0.918724
102.200	0.00157755	0	0.918724
102.300	0.00157116	0	0.918724
102.400	0.00155535	0	0.918724
102.500	0.00154671	0.00342936	0.919067
102.600	0.00154228	0.00342936	0.91941
102.700	0.00153879	0	0.91941
102.800	0.00153202	0	0.91941
102.900	0.00152831	0.00685871	0.920096
103.000	0.00153591	0.0102881	0.921125
103.100	0.00153268	0	0.921125
103.200	0.00152131	0.00342936	0.921468
103.300	0.00152017	0.00342936	0.921811
103.400	0.00152551	0.00685871	0.922497
103.500	0.00151804	0	0.922497
103.600	0.00151859	0.00342936	0.92284
103.700	0.00151974	0.00342936	0.923182
103.800	0.00153551	0.00685871	0.923868
103.900	0.00152674	0.00342936	0.924211
104.000	0.00151157	0	0.924211
104.100	0.00151446	0.00685871	0.924897
104.200	0.00151443	0	0.924897
104.300	0.00150373	0	0.924897
104.400	0.00149266	0	0.924897
104.500	0.00150197	0.00342936	0.92524
104.600	0.00147683	0	0.92524
104.700	0.0014774	0	0.92524
104.800	0.00148194	0	0.92524
104.900	0.00145516	0.00685871	0.925926
105.000	0.00145276	0	0.925926
105.100	0.00144652	0.00685871	0.926612
105.200	0.00145771	0.00342936	0.926955
105.300	0.00144857	0	0.926955
105.400	0.00145076	0.00685871	0.927641
105.500	0.00144339	0.00685871	0.928326
105.600	0.00143886	0	0.928326
105.700	0.00142528	0	0.928326
105.800	0.00141313	0	0.928326
105.900	0.00140992	0	0.928326
106.000	0.00139601	0	0.928326
106.100	0.00139951	0.00342936	0.928669
106.200	0.00139357	0	0.928669
106.300	0.00138654	0	0.928669
106.400	0.00137688	0.00342936	0.929012
106.500	0.00137861	0.00342936	0.929355
106.600	0.00136453	0.00342936	0.929698
106.700	0.00135934	0.00342936	0.930041
106.800	0.00134418	0	0.930041
106.900	0.00134035	0.00342936	0.930384
107.000	0.00134504	0.00685871	0.93107
107.100	0.00133173	0	0.93107
107.200	0.00132846	0	0.93107
107.300	0.0013192	0	0.93107
107.400	0.00130956	0	0.93107
107.500	0.00130267	0	0.93107
107.600	0.00130628	0.00685871	0.931756
107.700	0.00130666	0.00342936	0.932099
107.800	0.00129879	0	0.932099
107.900	0.00128749	0	0.932099
108.000	0.00128815	0.00342936	0.932442
108.100	0.00128258	0.00342936	0.932785
108.200	0.00128102	0	0.932785
108.300	0.00128164	0.00685871	0.933471
108.400	0.00128032	0	0.933471
108.500	0.00127863	0.00685871	0.934156
108.600	0.001285	0.00685871	0.934842
108.700	0.00128011	0.00342936	0.935185
108.800	0.00128738	0.00685871	0.935871
108.900	0.00128558	0	0.935871
109.000	0.00127654	0.00342936	0.936214
109.100	0.00127604	0.00342936	0.936557
109.200	0.00127676	0.00342936	0.9369
109.300	0.00127152	0.00342936	0.937243
109.400	0.00125981	0	0.937243
109.500	0.001242	0	0.937243
109.600	0.00123693	0	0.937243
109.700	0.00123416	0.00342936	0.937586
109.800	0.00123941	0.00342936	0.937929
109.900	0.00123368	0.00685871	0.938615
110.000	0.00122859	0	0.938615
110.100	0.00122917	0	0.938615
110.200	0.0012204	0	0.938615
110.300	0.00121468	0	0.938615
110.400	0.00120496	0	0.938615
110.500	0.00120074	0	0.938615
110.600	0.00119662	0	0.938615
110.700	0.00120846	0.00685871	0.9393
110.800	0.0011959	0	0.9393
110.900	0.0011965	0	0.9393
111.000	0.00120583	0.00685871	0.939986
111.100	0.00119602	0	0.939986
111.200	0.00118699	0	0.939986
111.300	0.0011811	0	0.939986
111.400	0.00118461	0.00342936	0.940329
111.500	0.00118322	0.00685871	0.941015
111.600	0.00117464	0	0.941015
111.700	0.00116267	0	0.941015
111.800	0.00116544	0.00342936	0.941358
111.900	0.00115128	0	0.941358
112.000	0.00114652	0	0.941358
112.100	0.0011458	0.00342936	0.941701
112.200	0.00113768	0	0.941701
112.300	0.00113463	0	0.941701
112.400	0.00112765	0.00342936	0.942044
112.500	0.00111578	0	0.942044
112.600	0.00110783	0.00342936	0.942387
112.700	0.00110574	0	0.942387
112.800	0.00110249	0	0.942387
112.900	0.00109454	0	0.942387
113.000	0.00109883	0.00342936	0.94273
113.100	0.00108704	0	0.94273
113.200	0.00109073	0.00685871	0.943416
113.300	0.00108048	0	0.943416
113.400	0.0011127	0.00342936	0.943759
113.500	0.00111764	0.00342936	0.944102
113.600	0.00110682	0	0.944102
113.700	0.00109324	0.00342936	0.944444
113.800	0.00109644	0	0.944444
113.900	0.00108721	0	0.944444
114.000	0.00109403	0.00342936	0.944787
114.100	0.0010838	0	0.944787
114.200	0.00108258	0	0.944787
114.300	0.00107239	0	0.944787
114.400	0.00107664	0.00342936	0.94513
114.500	0.00106632	0	0.94513
114.600	0.00107416	0.00685871	0.945816
114.700	0.00107145	0.00342936	0.946159
114.800	0.00106737	0	0.946159
114.900	0.00106966	0.00342936	0.946502
115.000	0.00105353	0	0.946502
115.100	0.00105792	0	0.946502
115.200	0.00105703	0	0.946502
115.300	0.00104284	0	0.946502
115.400	0.00104085	0	0.946502
115.500	0.00102853	0	0.946502
115.600	0.00102943	0	0.946502
115.700	0.00103315	0.00342936	0.946845
115.800	0.00102899	0	0.946845
115.900	0.00102597	0	0.946845
116.000	0.00101815	0	0.946845
116.100	0.00101593	0	0.946845
116.200	0.00100666	0	0.946845
116.300	0.00101559	0.00342936	0.947188
116.400	0.00101065	0	0.947188
116.500	0.00100794	0	0.947188
116.600	0.000994649	0	0.947188
116.700	0.000997208	0	0.947188
116.800	0.000994603	0	0.947188
116.900	0.000992587	0	0.947188
117.000	0.000994664	0.00342936	0.947531
117.100	0.000992367	0	0.947531
117.200	0.000982831	0	0.947531
117.300	0.000986276	0.00342936	0.947874
117.400	0.000993663	0.00342936	0.948217
117.500	0.00098779	0	0.948217
117.600	0.000982879	0	0.948217
117.700	0.000974839	0	0.948217
117.800	0.000980108	0	0.948217
117.900	0.000973175	0	0.948217
118.000	0.000964238	0	0.948217
118.100	0.000985689	0.00685871	0.948903
118.200	0.00097959	0	0.948903
118.300	0.000981911	0.00342936	0.949246
118.400	0.000974556	0.00342936	0.949588
118.500	0.00101544	0.00685871	0.950274
118.600	0.00100767	0.00342936	0.950617
118.700	0.00100634	0	0.950617
118.800	0.00100851	0.00342936	0.95096
118.900	0.000991479	0	0.95096
119.000	0.000986194	0.00342936	0.951303
119.100	0.000983432	0.00342936	0.951646
119.200	0.000966917	0	0.951646
119.300	0.000957518	0	0.951646
119.400	0.000952166	0	0.951646
119.500	0.000947144	0	0.951646
119.600	0.000930779	0	0.951646
119.700	0.000932917	0.00342936	0.951989
119.800	0.000924038	0	0.951989
119.900	0.00091674	0	0.951989
120.000	0.000918473	0	0.951989
120.100	0.000914064	0.00342936	0.952332
120.200	0.000906536	0	0.952332
120.300	0.000902592	0.00342936	0.952675
120.400	0.0008935	0	0.952675
120.500	0.000888437	0	0.952675
120.600	0.000887373	0	0.952675
120.700	0.000881868	0	0.952675
120.800	0.000874176	0.00342936	0.953018
120.900	0.000870174	0	0.953018
121.000	0.000902422	0.00342936	0.953361
121.100	0.000898781	0.00685871	0.954047
121.200	0.000890671	0	0.954047
121.300	0.000883968	0	0.954047
121.400	0.000881731	0.00342936	0.95439
121.500	0.00088645	0.00342936	0.954733
121.600	0.000899164	0.00685871	0.955418
121.700	0.000899255	0	0.955418
121.800	0.000908676	0.00342936	0.955761
121.900	0.000901982	0	0.955761
122.000	0.000897607	0	0.955761
122.100	0.000883854	0	0.955761
122.200	0.00088465	0	0.955761
122.300	0.000884226	0.00342936	0.956104
122.400	0.000874869	0	0.956104
122.500	0.000873598	0	0.956104
122.600	0.000870256	0	0.956104
122.700	0.000867971	0	0.956104
122.800	0.000859329	0	0.956104
122.900	0.000865115	0.00342936	0.956447
123.000	0.000855897	0	0.956447
123.100	0.000862313	0.00342936	0.95679
123.200	0.000859983	0	0.95679
123.300	0.000844893	0	0.95679
123.400	0.000851627	0	0.95679
123.500	0.000846441	0	0.95679
123.600	0.000840866	0.00685871	0.957476
123.700	0.000845376	0.00342936	0.957819
123.800	0.000841121	0	0.957819
123.900	0.000840055	0	0.957819
124.000	0.000834578	0	0.957819
124.100	0.000833014	0.00342936	0.958162
124.200	0.000831392	0	0.958162
124.300	0.000822874	0	0.958162
124.400	0.000817722	0	0.958162
124.500	0.000817426	0	0.958162
124.600	0.000816328	0	0.958162
124.700	0.000809209	0	0.958162
124.800	0.000809794	0	0.958162
124.900	0.000805712	0	0.958162
125.000	0.0008038	0.0102881	0.959191
125.100	0.000799842	0	0.959191
125.200	0.000792885	0	0.959191
125.300	0.000790975	0	0.959191
125.400	0.00078888	0	0.959191
125.500	0.000787568	0	0.959191
125.600	0.000784834	0	0.959191
125.700	0.000778035	0	0.959191
125.800	0.00077754	0	0.959191
125.900	0.000778173	0	0.959191
126.000	0.000782706	0.00342936	0.959534
126.100	0.000773299	0	0.959534
126.200	0.000768058	0	0.959534
126.300	0.000773514	0	0.959534
126.400	0.000766791	0	0.959534
126.500	0.000766954	0	0.959534
126.600	0.000761504	0	0.959534
126.700	0.000759144	0	0.959534
126.800	0.000749617	0	0.959534
126.900	0.000756585	0.00342936	0.959877
127.000	0.000756783	0	0.959877
127.100	0.000752608	0	0.959877
127.200	0.00074373	0	0.959877
127.300	0.000735187	0	0.959877
127.400	0.000738295	0	0.959877
127.500	0.000730313	0	0.959877
127.600	0.000727187	0	0.959877
127.700	0.000726867	0	0.959877
127.800	0.00073056	0.00685871	0.960562
127.900	0.000726273	0	0.960562
128.000	0.000724592	0	0.960562
128.100	0.000723888	0	0.960562
128.200	0.000707641	0	0.960562
128.300	0.000711461	0	0.960562
128.400	0.000712482	0	0.960562
128.500	0.000704977	0	0.960562
128.600	0.000710876	0.00342936	0.960905
128.700	0.000712234	0.00342936	0.961248
128.800	0.000709799	0	0.961248
128.900	0.000707183	0	0.961248
129.000	0.0006988	0	0.961248
129.100	0.000698424	0	0.961248
129.200	0.000690358	0	0.961248
129.300	0.000692947	0	0.961248
129.400	0.000692544	0	0.961248
129.500	0.000686865	0	0.961248
129.600	0.000687403	0.00342936	0.961591
129.700	0.000678253	0	0.961591
129.800	0.000677801	0	0.961591
129.900	0.000667654	0	0.961591
130.000	0.000668866	0	0.961591
130.100	0.000667869	0	0.961591
130.200	0.000666734	0	0.961591
130.300	0.00066095	0	0.961591
130.400	0.000653846	0	0.961591
130.500	0.000652933	0	0.961591
130.600	0.000652411	0	0.961591
130.700	0.000654323	0	0.961591
130.800	0.000645501	0	0.961591
130.900	0.000644167	0	0.961591
131.000	0.000642378	0	0.961591
131.100	0.000638898	0	0.961591
131.200	0.000634755	0	0.961591
131.300	0.000630421	0	0.961591
131.400	0.00063414	0.00342936	0.961934
131.500	0.000628973	0	0.961934
131.600	0.000626633	0	0.961934
131.700	0.000622044	0	0.961934
131.800	0.000622849	0	0.961934
131.900	0.000618938	0	0.961934
132.000	0.000612226	0	0.961934
132.100	0.000619958	0.00342936	0.962277
132.200	0.000615722	0	0.962277
132.300	0.00061135	0	0.962277
132.400	0.000602811	0.00342936	0.96262
132.500	0.00060105	0	0.96262
132.600	0.000601469	0	0.96262
132.700	0.000596161	0	0.96262
132.800	0.000597844	0.00342936	0.962963
132.900	0.000592131	0	0.962963
133.000	0.000590819	0	0.962963
133.100	0.000590128	0	0.962963
133.200	0.000585675	0.00342936	0.963306
133.300	0.000584295	0	0.963306
133.400	0.000580746	0	0.963306
133.500	0.000582525	0.00342936	0.963649
133.600	0.000586525	0	0.963649
133.700	0.000582704	0	0.963649
133.800	0.000583003	0.00342936	0.963992
133.900	0.000580755	0	0.963992
134.000	0.00057333	0	0.963992
134.100	0.000573375	0	0.963992
134.200	0.00057042	0	0.963992
134.300	0.000579999	0.00342936	0.964335
134.400	0.000576007	0	0.964335
134.500	0.000576262	0	0.964335
134.600	0.00057417	0	0.964335
134.700	0.000572806	0	0.964335
134.800	0.000573316	0.00342936	0.964678
134.900	0.000570781	0	0.964678
135.000	0.00056871	0	0.964678
135.100	0.0005642	0	0.964678
135.200	0.000558472	0	0.964678
135.300	0.000555996	0	0.964678
135.400	0.000556124	0	0.964678
135.500	0.000554144	0	0.964678
135.600	0.00055321	0	0.964678
135.700	0.000552523	0	0.964678
135.800	0.000551316	0	0.964678
135.900	0.000547783	0	0.964678
136.000	0.000550711	0.00342936	0.965021
136.100	0.000548786	0	0.965021
136.200	0.000544964	0	0.965021
136.300	0.000543107	0	0.965021
136.400	0.000538765	0	0.965021
136.500	0.000544576	0.00342936	0.965364
136.600	0.000570763	0.00342936	0.965706
136.700	0.000572467	0	0.965706
136.800	0.000575106	0	0.965706
136.900	0.000571653	0	0.965706
137.000	0.000571937	0	0.965706
137.100	0.000565358	0	0.965706
137.200	0.000571923	0.00342936	0.966049
137.300	0.000574865	0	0.966049
137.400	0.000551471	0	0.966049
137.500	0.000547309	0	0.966049
137.600	0.000545819	0	0.966049
137.700	0.000541968	0	0.966049
137.800	0.000541261	0	0.966049
137.900	0.000534967	0	0.966049
138.000	0.00053259	0.00342936	0.966392
138.100	0.00052996	0	0.966392
138.200	0.000524582	0	0.966392
138.300	0.000519367	0.00342936	0.966735
138.400	0.000520792	0	0.966735
138.500	0.000519472	0	0.966735
138.600	0.000514162	0	0.966735
138.700	0.000510099	0	0.966735
138.800	0.000514702	0.00342936	0.967078
138.900	0.000518233	0.00342936	0.967421
139.000	0.000516266	0	0.967421
139.100	0.00051043	0	0.967421
139.200	0.000510782	0	0.967421
139.300	0.000504215	0	0.967421
139.400	0.000501247	0	0.967421
139.500	0.000501086	0	0.967421
139.600	0.000498249	0	0.967421
139.700	0.000496609	0	0.967421
139.800	0.000495032	0	0.967421
139.900	0.000492365	0.00342936	0.967764
140.000	0.000488169	0	0.967764
140.100	0.000486577	0	0.967764
140.200	0.000484523	0	0.967764
140.300	0.000483219	0	0.967764
140.400	0.000478361	0	0.967764
140.500	0.000477865	0	0.967764
140.600	0.000475664	0	0.967764
140.700	0.000475143	0	0.967764
140.800	0.000474423	0	0.967764
140.900	0.000478774	0.00342936	0.968107
141.000	0.000481041	0.00342936	0.96845
141.100	0.000481398	0	0.96845
141.200	0.000477698	0	0.96845
141.300	0.0004733	0	0.96845
141.400	0.000470366	0	0.96845
141.500	0.000479724	0.00342936	0.968793
141.600	0.000475925	0	0.968793
141.700	0.00047957	0.00342936	0.969136
141.800	0.000476899	0	0.969136
141.900	0.000479266	0.00342936	0.969479
142.000	0.000477917	0	0.969479
142.100	0.00047882	0	0.969479
142.200	0.00047331	0	0.969479
142.300	0.000467283	0.00342936	0.969822
142.400	0.000465409	0	0.969822
142.500	0.000464184	0	0.969822
142.600	0.000463204	0	0.969822
142.700	0.000461711	0	0.969822
142.800	0.000455677	0	0.969822
142.900	0.000453907	0	0.969822
143.000	0.000453321	0	0.969822
143.100	0.000451169	0	0.969822
143.200	0.000455864	0.00342936	0.970165
143.300	0.000454022	0	0.970165
143.400	0.000450868	0	0.970165
143.500	0.000449091	0	0.970165
143.600	0.000446939	0	0.970165
143.700	0.000448139	0	0.970165
143.800	0.000439394	0	0.970165
143.900	0.000448317	0.00342936	0.970508
144.000	0.000449648	0	0.970508
144.100	0.000451	0.00342936	0.97085
144.200	0.00044598	0	0.97085
144.300	0.000444966	0	0.97085
144.400	0.000442847	0	0.97085
144.500	0.000437107	0	0.97085
144.600	0.000441227	0	0.97085
144.700	0.000440358	0	0.97085
144.800	0.000439334	0	0.97085
144.900	0.0004359	0	0.97085
145.000	0.000434749	0	0.97085
145.100	0.000433696	0	0.97085
145.200	0.000430274	0.00342936	0.971193
145.300	0.000427776	0	0.971193
145.400	0.000429592	0	0.971193
145.500	0.000421348	0	0.971193
145.600	0.000420853	0	0.971193
145.700	0.000418555	0	0.971193
145.800	0.000416629	0	0.971193
145.900	0.000414928	0	0.971193
146.000	0.000415275	0	0.971193
146.100	0.000414736	0	0.971193
146.200	0.000413244	0	0.971193
146.300	0.000413138	0.00342936	0.971536
146.400	0.000412833	0	0.971536
146.500	0.000410638	0	0.971536
146.600	0.000411399	0	0.971536
146.700	0.000408009	0	0.971536
146.800	0.000408751	0	0.971536
146.900	0.000401036	0	0.971536
147.000	0.000401016	0	0.971536
147.100	0.000405428	0	0.971536
147.200	0.000404355	0	0.971536
147.300	0.00039913	0	0.971536
147.400	0.000400246	0	0.971536
147.500	0.000398553	0	0.971536
147.600	0.000395723	0	0.971536
147.700	0.000394065	0	0.971536
147.800	0.000393314	0	0.971536
147.900	0.000389774	0	0.971536
148.000	0.000389464	0	0.971536
148.100	0.000389624	0	0.971536
148.200	0.000386205	0	0.971536
148.300	0.000387891	0	0.971536
148.400	0.000382564	0	0.971536
148.500	0.000381977	0	0.971536
148.600	0.00037664	0	0.971536
148.700	0.000381592	0	0.971536
148.800	0.000377913	0	0.971536
148.900	0.000375927	0	0.971536
149.000	0.000374166	0	0.971536
149.100	0.000373708	0	0.971536
149.200	0.000369901	0	0.971536
149.300	0.000368628	0	0.971536
149.400	0.000367476	0	0.971536
149.500	0.000367551	0	0.971536
149.600	0.000365422	0.00342936	0.971879
149.700	0.000360827	0	0.971879
149.800	0.000361982	0	0.971879
149.900	0.000359871	0	0.971879
