0	2.24675e-06	0	0
.100	2.24651e-06	0	0
.200	2.24578e-06	0	0
.300	2.24458e-06	0	0
.400	2.24289e-06	0	0
.500	2.24072e-06	0	0
.600	2.23807e-06	0	0
.700	2.23494e-06	0	0
.800	1.46176e-05	0.00268745	0.000268745
.900	1.52107e-05	0	0.000268745
1.000	1.51302e-05	0	0.000268745
1.100	1.43336e-05	0	0.000268745
1.200	1.4845e-05	0	0.000268745
1.300	1.51433e-05	0	0.000268745
1.400	1.40545e-05	0	0.000268745
1.500	1.4443e-05	0	0.000268745
1.600	1.47036e-05	0	0.000268745
1.700	1.43895e-05	0	0.000268745
1.800	1.4682e-05	0	0.000268745
1.900	1.34803e-05	0	0.000268745
2.000	1.4712e-05	0	0.000268745
2.100	1.4313e-05	0	0.000268745
2.200	1.45407e-05	0	0.000268745
2.300	1.45573e-05	0	0.000268745
2.400	1.45595e-05	0	0.000268745
2.500	2.16374e-05	0.00268745	0.00053749
2.600	1.78612e-05	0	0.00053749
2.700	1.62419e-05	0	0.00053749
2.800	1.6535e-05	0	0.00053749
2.900	1.58921e-05	0	0.00053749
3.000	1.59483e-05	0	0.00053749
3.100	1.56527e-05	0	0.00053749
3.200	1.52755e-05	0	0.00053749
3.300	1.50274e-05	0	0.00053749
3.400	1.50803e-05	0	0.00053749
3.500	1.52403e-05	0	0.00053749
3.600	1.50649e-05	0	0.00053749
3.700	1.46908e-05	0	0.00053749
3.800	1.4682e-05	0	0.00053749
3.900	1.45894e-05	0	0.00053749
4.000	1.52575e-05	0	0.00053749
4.100	1.26872e-05	0	0.00053749
4.200	1.47054e-05	0	0.00053749
4.300	1.36716e-05	0	0.00053749
4.400	1.32527e-05	0	0.00053749
4.500	1.25151e-05	0	0.00053749
4.600	1.23793e-05	0	0.00053749
4.700	1.26047e-05	0	0.00053749
4.800	1.26237e-05	0	0.00053749
4.900	1.26305e-05	0	0.00053749
5.000	1.25168e-05	0	0.00053749
5.100	1.25093e-05	0	0.00053749
5.200	1.2589e-05	0	0.00053749
5.300	1.13644e-05	0	0.00053749
5.400	1.25542e-05	0	0.00053749
5.500	1.22757e-05	0	0.00053749
5.600	1.25373e-05	0	0.00053749
5.700	1.28439e-05	0	0.00053749
5.800	1.27731e-05	0	0.00053749
5.900	1.22329e-05	0	0.00053749
6.000	1.1406e-05	0	0.00053749
6.100	1.17259e-05	0	0.00053749
6.200	1.16637e-05	0	0.00053749
6.300	1.13399e-05	0	0.00053749
6.400	8.9552e-06	0	0.00053749
6.500	1.17489e-05	0	0.00053749
6.600	1.15819e-05	0	0.00053749
6.700	1.14012e-05	0	0.00053749
6.800	1.15204e-05	0	0.00053749
6.900	1.17258e-05	0	0.00053749
7.000	1.15045e-05	0	0.00053749
7.100	1.13256e-05	0	0.00053749
7.200	1.16721e-05	0	0.00053749
7.300	1.17838e-05	0	0.00053749
7.400	1.1569e-05	0	0.00053749
7.500	1.05787e-05	0	0.00053749
7.600	1.0676e-05	0	0.00053749
7.700	7.43861e-06	0	0.00053749
7.800	1.04921e-05	0	0.00053749
7.900	1.04906e-05	0	0.00053749
8.000	1.05967e-05	0	0.00053749
8.100	1.05947e-05	0	0.00053749
8.200	1.05632e-05	0	0.00053749
8.300	1.05061e-05	0	0.00053749
8.400	1.05041e-05	0	0.00053749
8.500	1.05026e-05	0	0.00053749
8.600	1.05604e-05	0	0.00053749
8.700	9.78192e-06	0	0.00053749
8.800	9.68863e-06	0	0.00053749
8.900	9.81712e-06	0	0.00053749
9.000	9.99967e-06	0	0.00053749
9.100	9.85477e-06	0	0.00053749
9.200	9.75701e-06	0	0.00053749
9.300	9.81185e-06	0	0.00053749
9.400	9.74714e-06	0	0.00053749
9.500	9.68928e-06	0	0.00053749
9.600	9.63948e-06	0	0.00053749
9.700	8.60457e-06	0	0.00053749
9.800	8.63151e-06	0	0.00053749
9.900	8.75994e-06	0	0.00053749
10.000	8.71023e-06	0	0.00053749
10.100	8.43782e-06	0	0.00053749
10.200	8.41627e-06	0	0.00053749
10.300	8.61809e-06	0	0.00053749
10.400	8.60932e-06	0	0.00053749
10.500	8.45185e-06	0	0.00053749
10.600	8.45886e-06	0	0.00053749
10.700	8.68563e-06	0	0.00053749
10.800	8.63447e-06	0	0.00053749
10.900	8.45045e-06	0	0.00053749
11.000	8.49852e-06	0	0.00053749
11.100	8.54848e-06	0	0.00053749
11.200	8.63705e-06	0	0.00053749
11.300	8.35147e-06	0	0.00053749
11.400	8.17567e-06	0	0.00053749
11.500	8.22818e-06	0	0.00053749
11.600	8.37806e-06	0	0.00053749
11.700	8.38686e-06	0	0.00053749
11.800	8.14086e-06	0	0.00053749
11.900	8.14746e-06	0	0.00053749
12.000	8.32711e-06	0	0.00053749
12.100	8.31746e-06	0	0.00053749
12.200	8.08727e-06	0	0.00053749
12.300	8.20654e-06	0	0.00053749
12.400	8.21085e-06	0	0.00053749
12.500	7.44313e-06	0	0.00053749
12.600	7.51487e-06	0	0.00053749
12.700	7.3595e-06	0	0.00053749
12.800	7.53619e-06	0	0.00053749
12.900	7.6433e-06	0	0.00053749
13.000	7.59779e-06	0	0.00053749
13.100	7.47376e-06	0	0.00053749
13.200	7.32562e-06	0	0.00053749
13.300	7.37313e-06	0	0.00053749
13.400	7.63979e-06	0	0.00053749
13.500	7.59227e-06	0	0.00053749
13.600	7.54332e-06	0	0.00053749
13.700	7.26517e-06	0	0.00053749
13.800	7.08006e-06	0	0.00053749
13.900	7.21204e-06	0	0.00053749
14.000	7.03332e-06	0	0.00053749
14.100	6.98764e-06	0	0.00053749
14.200	6.85696e-06	0	0.00053749
14.300	6.78664e-06	0	0.00053749
14.400	5.06737e-06	0	0.00053749
14.500	6.94993e-06	0	0.00053749
14.600	6.95687e-06	0	0.00053749
14.700	6.80664e-06	0	0.00053749
14.800	6.80432e-06	0	0.00053749
14.900	6.78148e-06	0	0.00053749
15.000	6.91179e-06	0	0.00053749
15.100	6.91085e-06	0	0.00053749
15.200	6.87793e-06	0	0.00053749
15.300	6.75866e-06	0	0.00053749
15.400	6.76037e-06	0	0.00053749
15.500	6.82309e-06	0	0.00053749
15.600	6.82058e-06	0	0.00053749
15.700	6.81661e-06	0	0.00053749
15.800	2.6824e-05	0.00268745	0.000806235
15.900	2.79995e-05	0	0.000806235
16.000	2.77533e-05	0	0.000806235
16.100	2.31532e-05	0	0.000806235
16.200	1.91269e-05	0	0.000806235
16.300	2.00977e-05	0	0.000806235
16.400	2.02691e-05	0	0.000806235
16.500	2.01886e-05	0	0.000806235
16.600	1.97757e-05	0	0.000806235
16.700	1.863e-05	0	0.000806235
16.800	1.58125e-05	0	0.000806235
16.900	1.5758e-05	0	0.000806235
17.000	1.42187e-05	0	0.000806235
17.100	1.43982e-05	0	0.000806235
17.200	2.22013e-05	0.00268745	0.00107498
17.300	1.99028e-05	0	0.00107498
17.400	2.04435e-05	0	0.00107498
17.500	1.81438e-05	0	0.00107498
17.600	1.76039e-05	0	0.00107498
17.700	1.57415e-05	0.00268745	0.00134372
17.800	2.26255e-05	0	0.00134372
17.900	3.00864e-05	0.00268745	0.00161247
18.000	2.97158e-05	0	0.00161247
18.100	2.71102e-05	0	0.00161247
18.200	2.79746e-05	0	0.00161247
18.300	2.71713e-05	0	0.00161247
18.400	2.6298e-05	0	0.00161247
18.500	2.61225e-05	0	0.00161247
18.600	2.62287e-05	0	0.00161247
18.700	2.47099e-05	0	0.00161247
18.800	2.48608e-05	0	0.00161247
18.900	2.50601e-05	0	0.00161247
19.000	2.4796e-05	0	0.00161247
19.100	2.45698e-05	0	0.00161247
19.200	2.46902e-05	0	0.00161247
19.300	2.45861e-05	0	0.00161247
19.400	2.46739e-05	0	0.00161247
19.500	2.45455e-05	0	0.00161247
19.600	2.39089e-05	0	0.00161247
19.700	2.3737e-05	0	0.00161247
19.800	2.39195e-05	0	0.00161247
19.900	2.41114e-05	0	0.00161247
20.000	2.72756e-05	0.00268745	0.00188121
20.100	2.60191e-05	0	0.00188121
20.200	2.60352e-05	0	0.00188121
20.300	2.62092e-05	0	0.00188121
20.400	2.41785e-05	0	0.00188121
20.500	2.37794e-05	0	0.00188121
20.600	2.78447e-05	0.00268745	0.00214996
20.700	3.03934e-05	0.00268745	0.0024187
20.800	3.05338e-05	0	0.0024187
20.900	3.0228e-05	0	0.0024187
21.000	3.30956e-05	0.00268745	0.00268745
21.100	3.21569e-05	0	0.00268745
21.200	3.46797e-05	0.00268745	0.00295619
21.300	3.63803e-05	0	0.00295619
21.400	3.63278e-05	0	0.00295619
21.500	3.55216e-05	0	0.00295619
21.600	3.56877e-05	0	0.00295619
21.700	3.6249e-05	0	0.00295619
21.800	5.15517e-05	0.00268745	0.00322494
21.900	5.24175e-05	0	0.00322494
22.000	5.04519e-05	0	0.00322494
22.100	5.07592e-05	0	0.00322494
22.200	4.99384e-05	0	0.00322494
22.300	4.81242e-05	0	0.00322494
22.400	4.3066e-05	0	0.00322494
22.500	4.20322e-05	0	0.00322494
22.600	4.1829e-05	0	0.00322494
22.700	4.15138e-05	0	0.00322494
22.800	3.89475e-05	0	0.00322494
22.900	3.96891e-05	0	0.00322494
23.000	3.64308e-05	0	0.00322494
23.100	3.55179e-05	0	0.00322494
23.200	3.46246e-05	0	0.00322494
23.300	3.46451e-05	0	0.00322494
23.400	3.47342e-05	0	0.00322494
23.500	3.41276e-05	0	0.00322494
23.600	3.31493e-05	0	0.00322494
23.700	4.11342e-05	0.00268745	0.00349368
23.800	4.11755e-05	0	0.00349368
23.900	4.13026e-05	0	0.00349368
24.000	3.98837e-05	0	0.00349368
24.100	4.41414e-05	0.00268745	0.00376243
24.200	4.48695e-05	0	0.00376243
24.300	4.55293e-05	0	0.00376243
24.400	4.28859e-05	0	0.00376243
24.500	4.67104e-05	0.00268745	0.00403117
24.600	4.72263e-05	0	0.00403117
24.700	4.48534e-05	0	0.00403117
24.800	4.56767e-05	0	0.00403117
24.900	4.5087e-05	0	0.00403117
25.000	4.50991e-05	0	0.00403117
25.100	4.61387e-05	0	0.00403117
25.200	4.59986e-05	0	0.00403117
25.300	4.58005e-05	0	0.00403117
25.400	4.58757e-05	0	0.00403117
25.500	4.25925e-05	0	0.00403117
25.600	4.55864e-05	0	0.00403117
25.700	4.54499e-05	0	0.00403117
25.800	4.4981e-05	0	0.00403117
25.900	5.01069e-05	0.00268745	0.00429992
26.000	5.01318e-05	0	0.00429992
26.100	4.97623e-05	0	0.00429992
26.200	4.82108e-05	0	0.00429992
26.300	4.47316e-05	0	0.00429992
26.400	4.8808e-05	0	0.00429992
26.500	4.67425e-05	0	0.00429992
26.600	4.67695e-05	0	0.00429992
26.700	4.70934e-05	0	0.00429992
26.800	4.79267e-05	0	0.00429992
26.900	4.67407e-05	0	0.00429992
27.000	4.56752e-05	0	0.00429992
27.100	6.84429e-05	0.00268745	0.00456866
27.200	6.93773e-05	0	0.00456866
27.300	6.82676e-05	0	0.00456866
27.400	6.12021e-05	0	0.00456866
27.500	6.05358e-05	0	0.00456866
27.600	5.89988e-05	0	0.00456866
27.700	6.75929e-05	0.00268745	0.00483741
27.800	6.75816e-05	0	0.00483741
27.900	6.80276e-05	0	0.00483741
28.000	6.5446e-05	0	0.00483741
28.100	5.60914e-05	0	0.00483741
28.200	6.36979e-05	0	0.00483741
28.300	6.35513e-05	0	0.00483741
28.400	6.42775e-05	0	0.00483741
28.500	5.94809e-05	0	0.00483741
28.600	6.21874e-05	0	0.00483741
28.700	6.06386e-05	0	0.00483741
28.800	6.15931e-05	0.00268745	0.00510615
28.900	5.74295e-05	0	0.00510615
29.000	6.11831e-05	0	0.00510615
29.100	7.28836e-05	0.00268745	0.0053749
29.200	7.49232e-05	0	0.0053749
29.300	7.43299e-05	0	0.0053749
29.400	7.52505e-05	0	0.0053749
29.500	7.40494e-05	0	0.0053749
29.600	8.86462e-05	0.0053749	0.00591239
29.700	8.63987e-05	0	0.00591239
29.800	8.94086e-05	0.00268745	0.00618113
29.900	8.93012e-05	0	0.00618113
30.000	8.99593e-05	0	0.00618113
30.100	8.77538e-05	0	0.00618113
30.200	8.93238e-05	0	0.00618113
30.300	9.89465e-05	0.00268745	0.00644988
30.400	9.79973e-05	0	0.00644988
30.500	9.66743e-05	0	0.00644988
30.600	9.69311e-05	0	0.00644988
30.700	8.90848e-05	0.00268745	0.00671862
30.800	9.13012e-05	0	0.00671862
30.900	0.00010175	0.0053749	0.00725611
31.000	0.000110215	0.00268745	0.00752486
31.100	0.000115575	0	0.00752486
31.200	0.000105377	0	0.00752486
31.300	0.000106043	0	0.00752486
31.400	0.000102809	0	0.00752486
31.500	0.000101523	0.00268745	0.0077936
31.600	0.000100304	0	0.0077936
31.700	9.85578e-05	0	0.0077936
31.800	9.98401e-05	0	0.0077936
31.900	9.86375e-05	0	0.0077936
32.000	9.24458e-05	0	0.0077936
32.100	9.18934e-05	0	0.0077936
32.200	9.05573e-05	0	0.0077936
32.300	8.87002e-05	0	0.0077936
32.400	8.98627e-05	0.00268745	0.00806235
32.500	9.6093e-05	0.00268745	0.00833109
32.600	9.35988e-05	0	0.00833109
32.700	9.26502e-05	0	0.00833109
32.800	8.93398e-05	0	0.00833109
32.900	9.29504e-05	0	0.00833109
33.000	9.34124e-05	0	0.00833109
33.100	0.000101189	0.00268745	0.00859984
33.200	0.000103081	0	0.00859984
33.300	0.000102595	0	0.00859984
33.400	8.6161e-05	0	0.00859984
33.500	8.6546e-05	0	0.00859984
33.600	0.000114812	0.00268745	0.00886858
33.700	0.000142098	0.0053749	0.00940607
33.800	0.000145267	0	0.00940607
33.900	0.000161342	0	0.00940607
34.000	0.000160528	0	0.00940607
34.100	0.000161412	0.00268745	0.00967482
34.200	0.00018114	0.00268745	0.00994356
34.300	0.000182429	0	0.00994356
34.400	0.000178107	0	0.00994356
34.500	0.000177075	0	0.00994356
34.600	0.000179835	0	0.00994356
34.700	0.000180621	0	0.00994356
34.800	0.000202216	0.0053749	0.0104811
34.900	0.000157728	0	0.0104811
35.000	0.000165272	0.00268745	0.0107498
35.100	0.000156853	0.00268745	0.0110185
35.200	0.000154729	0	0.0110185
35.300	0.000151064	0	0.0110185
35.400	0.000148316	0	0.0110185
35.500	0.000154001	0.00268745	0.0112873
35.600	0.000148948	0	0.0112873
35.700	0.000148653	0	0.0112873
35.800	0.000148893	0.0053749	0.0118248
35.900	0.000146507	0	0.0118248
36.000	0.00014771	0	0.0118248
36.100	0.000163693	0.00268745	0.0120935
36.200	0.000155705	0	0.0120935
36.300	0.00015427	0	0.0120935
36.400	0.00015729	0	0.0120935
36.500	0.00015558	0.00268745	0.0123623
36.600	0.000153456	0.00268745	0.012631
36.700	0.000158139	0	0.012631
36.800	0.000160389	0.00268745	0.0128998
36.900	0.000161074	0	0.0128998
37.000	0.000156936	0	0.0128998
37.100	0.000151129	0	0.0128998
37.200	0.000150898	0	0.0128998
37.300	0.000152646	0	0.0128998
37.400	0.000143114	0	0.0128998
37.500	0.00015695	0.00268745	0.0131685
37.600	0.000188923	0.0053749	0.013706
37.700	0.000168895	0	0.013706
37.800	0.000205803	0.00268745	0.0139747
37.900	0.000202879	0	0.0139747
38.000	0.000201222	0	0.0139747
38.100	0.000196795	0.00268745	0.0142435
38.200	0.000203766	0.00268745	0.0145122
38.300	0.000204276	0	0.0145122
38.400	0.000205851	0.00268745	0.014781
38.500	0.000214798	0.00268745	0.0150497
38.600	0.000207577	0.00268745	0.0153185
38.700	0.000220161	0.0053749	0.015856
38.800	0.000221307	0.00268745	0.0161247
38.900	0.000214737	0	0.0161247
39.000	0.000216712	0	0.0161247
39.100	0.000239302	0.00806235	0.0169309
39.200	0.000245328	0.00268745	0.0171997
39.300	0.000246151	0	0.0171997
39.400	0.000243041	0	0.0171997
39.500	0.000238024	0	0.0171997
39.600	0.000237792	0	0.0171997
39.700	0.000247422	0.0053749	0.0177372
39.800	0.000252975	0.00268745	0.0180059
39.900	0.000260367	0.00268745	0.0182747
40.000	0.000254091	0	0.0182747
40.100	0.000246258	0.00268745	0.0185434
40.200	0.000244113	0	0.0185434
40.300	0.000254908	0.0107498	0.0196184
40.400	0.000254559	0.0053749	0.0201559
40.500	0.000264727	0.00268745	0.0204246
40.600	0.000258311	0	0.0204246
40.700	0.000251253	0	0.0204246
40.800	0.000261785	0.0053749	0.0209621
40.900	0.000260984	0	0.0209621
41.000	0.000260094	0.00268745	0.0212309
41.100	0.000257595	0.00268745	0.0214996
41.200	0.000261989	0.00268745	0.0217683
41.300	0.000258622	0.00268745	0.0220371
41.400	0.000253153	0	0.0220371
41.500	0.00027542	0.0053749	0.0225746
41.600	0.000273758	0	0.0225746
41.700	0.000267101	0	0.0225746
41.800	0.000305905	0.00268745	0.0228433
41.900	0.000306788	0.00268745	0.0231121
42.000	0.00031145	0	0.0231121
42.100	0.000296443	0	0.0231121
42.200	0.0002939	0.00268745	0.0233808
42.300	0.000296376	0	0.0233808
42.400	0.00029307	0	0.0233808
42.500	0.000288291	0	0.0233808
42.600	0.000283634	0	0.0233808
42.700	0.000276933	0.00268745	0.0236496
42.800	0.000274004	0	0.0236496
42.900	0.000277248	0.0053749	0.024187
43.000	0.000288452	0	0.024187
43.100	0.00027909	0	0.024187
43.200	0.000290902	0.0053749	0.0247245
43.300	0.000289238	0	0.0247245
43.400	0.000287527	0	0.0247245
43.500	0.000314737	0.0107498	0.0257995
43.600	0.000315883	0.00268745	0.0260683
43.700	0.00035064	0.0053749	0.0266058
43.800	0.000358833	0	0.0266058
43.900	0.000371343	0.00268745	0.0268745
44.000	0.000370879	0.0053749	0.027412
44.100	0.000372528	0	0.027412
44.200	0.000377028	0	0.027412
44.300	0.0003722	0.00268745	0.0276807
44.400	0.000365975	0	0.0276807
44.500	0.000378221	0.00806235	0.028487
44.600	0.000358195	0	0.028487
44.700	0.000348231	0	0.028487
44.800	0.000383312	0.0053749	0.0290245
44.900	0.00037478	0	0.0290245
45.000	0.000399959	0.0134372	0.0303682
45.100	0.000382555	0.00806235	0.0311744
45.200	0.000421317	0.0053749	0.0317119
45.300	0.000425382	0.00268745	0.0319807
45.400	0.000412586	0.0053749	0.0325181
45.500	0.000439984	0.0053749	0.0330556
45.600	0.00045806	0.0053749	0.0335931
45.700	0.000448497	0.00806235	0.0343994
45.800	0.000453641	0	0.0343994
45.900	0.000485533	0.00806235	0.0352056
46.000	0.00047239	0	0.0352056
46.100	0.00050598	0.0107498	0.0362806
46.200	0.00049942	0.0053749	0.0368181
46.300	0.000505869	0	0.0368181
46.400	0.000502473	0.00268745	0.0370868
46.500	0.000512878	0.0134372	0.0384305
46.600	0.000537085	0.0053749	0.038968
46.700	0.000566017	0.0161247	0.0405805
46.800	0.000635975	0.0107498	0.0416555
46.900	0.000636363	0	0.0416555
47.000	0.000620614	0.0053749	0.042193
47.100	0.00062571	0.00268745	0.0424617
47.200	0.000635561	0.0161247	0.0440742
47.300	0.00064359	0.00806235	0.0448804
47.400	0.000650453	0.0053749	0.0454179
47.500	0.000659156	0.0107498	0.0464929
47.600	0.000703647	0.0134372	0.0478366
47.700	0.000694273	0	0.0478366
47.800	0.000707466	0.00268745	0.0481053
47.900	0.000730388	0.0107498	0.0491803
48.000	0.000744441	0.00806235	0.0499866
48.100	0.000765528	0.0107498	0.0510615
48.200	0.000774264	0.0053749	0.051599
48.300	0.000810682	0.0188121	0.0534802
48.400	0.000805701	0.00268745	0.053749
48.500	0.000815464	0.0107498	0.054824
48.600	0.000802123	0	0.054824
48.700	0.000812052	0.0161247	0.0564364
48.800	0.000815698	0	0.0564364
48.900	0.000819237	0.00806235	0.0572427
49.000	0.000873227	0.0134372	0.0585864
49.100	0.000888392	0.0134372	0.0599301
49.200	0.000871138	0	0.0599301
49.300	0.000859258	0.00806235	0.0607364
49.400	0.000863511	0.00268745	0.0610051
49.500	0.000884182	0.00806235	0.0618113
49.600	0.000923732	0.0134372	0.0631551
49.700	0.00100422	0.0134372	0.0644988
49.800	0.00101664	0.0134372	0.0658425
49.900	0.00103959	0.00806235	0.0666488
50.000	0.00103985	0.0053749	0.0671862
50.100	0.00105478	0.00806235	0.0679925
50.200	0.00105065	0.0053749	0.06853
50.300	0.00106752	0.0134372	0.0698737
50.400	0.00112016	0.0161247	0.0714862
50.500	0.0011314	0.0053749	0.0720236
50.600	0.00113806	0.00806235	0.0728299
50.700	0.00113305	0.0107498	0.0739049
50.800	0.00115019	0.0107498	0.0749798
50.900	0.0011395	0.0053749	0.0755173
51.000	0.00114967	0.00268745	0.0757861
51.100	0.00116939	0.0134372	0.0771298
51.200	0.00119421	0.00806235	0.077936
51.300	0.00121861	0.0161247	0.0795485
51.400	0.00124673	0.0214996	0.0816985
51.500	0.00130247	0.0134372	0.0830422
51.600	0.001282	0.0107498	0.0841172
51.700	0.00131678	0.0188121	0.0859984
51.800	0.00141275	0.0214996	0.0881483
51.900	0.00140463	0.0134372	0.0894921
52.000	0.00139958	0.0053749	0.0900296
52.100	0.00139869	0.00806235	0.0908358
52.200	0.00138612	0.0107498	0.0919108
52.300	0.00142858	0.0188121	0.093792
52.400	0.00141627	0.0053749	0.0943295
52.500	0.00140857	0.0134372	0.0956732
52.600	0.00141598	0.0134372	0.0970169
52.700	0.00147296	0.0188121	0.0988981
52.800	0.00150038	0.0161247	0.100511
52.900	0.00149697	0.0188121	0.102392
53.000	0.00152965	0.024187	0.104811
53.100	0.00163276	0.0295619	0.107767
53.200	0.00161633	0.00806235	0.108573
53.300	0.00160751	0.00806235	0.109379
53.400	0.0016515	0.024187	0.111798
53.500	0.00167316	0.0161247	0.11341
53.600	0.00166565	0.00806235	0.114217
53.700	0.00167705	0.00268745	0.114485
53.800	0.00167542	0.0107498	0.11556
53.900	0.00166716	0.00806235	0.116367
54.000	0.00168851	0.0161247	0.117979
54.100	0.00165181	0.0053749	0.118517
54.200	0.00165393	0.00806235	0.119323
54.300	0.00166865	0.0107498	0.120398
54.400	0.00165421	0.0107498	0.121473
54.500	0.00169347	0.024187	0.123891
54.600	0.00168015	0.0134372	0.125235
54.700	0.00167116	0.0053749	0.125773
54.800	0.00171956	0.00806235	0.126579
54.900	0.00169133	0.00806235	0.127385
55.000	0.00169497	0.0134372	0.128729
55.100	0.00173953	0.0134372	0.130073
55.200	0.00177102	0.00806235	0.130879
55.300	0.0018284	0.0161247	0.132491
55.400	0.0018423	0.0134372	0.133835
55.500	0.00183506	0.0161247	0.135447
55.600	0.0018755	0.0188121	0.137329
55.700	0.00193523	0.0161247	0.138941
55.800	0.00201694	0.0214996	0.141091
55.900	0.00204164	0.0188121	0.142972
56.000	0.00202243	0.0161247	0.144585
56.100	0.00203926	0.0322494	0.14781
56.200	0.00209559	0.0107498	0.148885
56.300	0.00206365	0.00806235	0.149691
56.400	0.00208186	0.0053749	0.150228
56.500	0.00206974	0.0134372	0.151572
56.600	0.00206146	0.0161247	0.153185
56.700	0.0021098	0.0161247	0.154797
56.800	0.00211655	0.0134372	0.156141
56.900	0.00211112	0.0161247	0.157753
57.000	0.00214692	0.0134372	0.159097
57.100	0.00216583	0.0188121	0.160978
57.200	0.00220839	0.0134372	0.162322
57.300	0.00222632	0.0188121	0.164203
57.400	0.00228873	0.0268745	0.166891
57.500	0.00230095	0.0188121	0.168772
57.600	0.00233922	0.0107498	0.169847
57.700	0.00235541	0.0188121	0.171728
57.800	0.00238073	0.0214996	0.173878
57.900	0.00246805	0.0483741	0.178715
58.000	0.00251455	0.0268745	0.181403
58.100	0.00246241	0.0107498	0.182478
58.200	0.00247884	0.0161247	0.18409
58.300	0.00243153	0.0161247	0.185703
58.400	0.00246806	0.0214996	0.187853
58.500	0.00247774	0.0134372	0.189196
58.600	0.002485	0.024187	0.191615
58.700	0.00255496	0.0376243	0.195378
58.800	0.00253547	0.0107498	0.196453
58.900	0.00254035	0.0161247	0.198065
59.000	0.00263151	0.0295619	0.201021
59.100	0.00268298	0.0161247	0.202634
59.200	0.00266552	0.0268745	0.205321
59.300	0.00268095	0.0188121	0.207202
59.400	0.00267671	0.0268745	0.20989
59.500	0.00275123	0.0403117	0.213921
59.600	0.00275062	0.0134372	0.215265
59.700	0.00278029	0.0268745	0.217952
59.800	0.00278781	0.024187	0.220371
59.900	0.00280897	0.0349368	0.223865
60.000	0.00291646	0.0376243	0.227627
60.100	0.00291567	0.0134372	0.228971
60.200	0.00295152	0.024187	0.231389
60.300	0.0029493	0.0107498	0.232464
60.400	0.00296432	0.0188121	0.234346
60.500	0.00306296	0.0188121	0.236227
60.600	0.00309807	0.0268745	0.238914
60.700	0.00309994	0.0107498	0.239989
60.800	0.00317358	0.0295619	0.242945
60.900	0.00323322	0.0349368	0.246439
61.000	0.0033694	0.0403117	0.25047
61.100	0.00345664	0.0322494	0.253695
61.200	0.00351362	0.0376243	0.257458
61.300	0.00350824	0.0188121	0.259339
61.400	0.00352673	0.0214996	0.261489
61.500	0.00354024	0.0161247	0.263101
61.600	0.00351408	0.0161247	0.264714
61.700	0.00352886	0.0214996	0.266864
61.800	0.00353316	0.0349368	0.270357
61.900	0.00358368	0.0322494	0.273582
62.000	0.00360528	0.0268745	0.27627
62.100	0.00359221	0.0188121	0.278151
62.200	0.00363252	0.0376243	0.281913
62.300	0.00368795	0.0295619	0.28487
62.400	0.00365027	0.0188121	0.286751
62.500	0.00368151	0.0268745	0.289438
62.600	0.00370664	0.0349368	0.292932
62.700	0.00370856	0.0214996	0.295082
62.800	0.00368973	0.0188121	0.296963
62.900	0.00370313	0.0349368	0.300457
63.000	0.00379903	0.0376243	0.304219
63.100	0.00379172	0.0214996	0.306369
63.200	0.00383268	0.024187	0.308788
63.300	0.00383906	0.0295619	0.311744
63.400	0.00386231	0.0376243	0.315507
63.500	0.00390694	0.0295619	0.318463
63.600	0.00391345	0.024187	0.320881
63.700	0.00398873	0.0349368	0.324375
63.800	0.00393703	0.00806235	0.325181
63.900	0.00399905	0.0295619	0.328138
64.000	0.00400545	0.0188121	0.330019
64.100	0.00404084	0.0349368	0.333512
64.200	0.00398111	0.0161247	0.335125
64.300	0.0039919	0.0268745	0.337812
64.400	0.00399423	0.0161247	0.339425
64.500	0.00403567	0.024187	0.341844
64.600	0.00416979	0.0403117	0.345875
64.700	0.00410322	0.0268745	0.348562
64.800	0.00411865	0.0214996	0.350712
64.900	0.00410109	0.0214996	0.352862
65.000	0.0041512	0.0429992	0.357162
65.100	0.00402293	0.0161247	0.358775
65.200	0.00406959	0.0403117	0.362806
65.300	0.00402005	0.0107498	0.363881
65.400	0.00411211	0.0376243	0.367643
65.500	0.00411722	0.0268745	0.370331
65.600	0.00409681	0.0295619	0.373287
65.700	0.00419171	0.0483741	0.378124
65.800	0.00418509	0.024187	0.380543
65.900	0.004235	0.0322494	0.383768
66.000	0.00427407	0.024187	0.386187
66.100	0.00428411	0.0349368	0.38968
66.200	0.00427918	0.0214996	0.39183
66.300	0.0043143	0.0268745	0.394518
66.400	0.00430089	0.0214996	0.396668
66.500	0.0043323	0.0349368	0.400161
66.600	0.00440365	0.0483741	0.404999
66.700	0.00441981	0.0161247	0.406611
66.800	0.00443984	0.0429992	0.410911
66.900	0.0044573	0.0295619	0.413867
67.000	0.00450072	0.0214996	0.416017
67.100	0.00462255	0.0483741	0.420855
67.200	0.00461998	0.0161247	0.422467
67.300	0.00464522	0.0268745	0.425155
67.400	0.00463436	0.0134372	0.426498
67.500	0.00479639	0.0429992	0.430798
67.600	0.00478514	0.0403117	0.434829
67.700	0.00487791	0.0322494	0.438054
67.800	0.00478466	0.0295619	0.44101
67.900	0.00477545	0.0214996	0.44316
68.000	0.00474851	0.0161247	0.444773
68.100	0.0047712	0.0322494	0.447998
68.200	0.00487375	0.0403117	0.452029
68.300	0.00485503	0.0295619	0.454985
68.400	0.00492374	0.024187	0.457404
68.500	0.00485717	0.0161247	0.459016
68.600	0.00488938	0.0214996	0.461166
68.700	0.0048784	0.0214996	0.463316
68.800	0.00494223	0.0349368	0.46681
68.900	0.00495434	0.0295619	0.469766
69.000	0.00496554	0.0214996	0.471916
69.100	0.00497663	0.0268745	0.474604
69.200	0.00500315	0.0376243	0.478366
69.300	0.00504278	0.024187	0.480785
69.400	0.00510515	0.0349368	0.484278
69.500	0.00506516	0.0188121	0.48616
69.600	0.00505698	0.0268745	0.488847
69.700	0.00507963	0.024187	0.491266
69.800	0.00506471	0.0268745	0.493953
69.900	0.00509668	0.0349368	0.497447
70.000	0.00512066	0.0295619	0.500403
70.100	0.00508489	0.0268745	0.503091
70.200	0.00515794	0.0349368	0.506584
70.300	0.00515456	0.0214996	0.508734
70.400	0.00519301	0.024187	0.511153
70.500	0.00521335	0.0349368	0.514647
70.600	0.00520719	0.024187	0.517065
70.700	0.00524191	0.0456866	0.521634
70.800	0.00527101	0.0376243	0.525396
70.900	0.00523619	0.0214996	0.527546
71.000	0.00521769	0.024187	0.529965
71.100	0.00522245	0.0161247	0.531578
71.200	0.00523856	0.0349368	0.535071
71.300	0.00521337	0.0214996	0.537221
71.400	0.00524287	0.0322494	0.540446
71.500	0.00521734	0.0107498	0.541521
71.600	0.00518418	0.0268745	0.544209
71.700	0.00517542	0.0322494	0.547433
71.800	0.00517643	0.0322494	0.550658
71.900	0.00516676	0.0268745	0.553346
72.000	0.00515065	0.0214996	0.555496
72.100	0.00519921	0.0483741	0.560333
72.200	0.00525917	0.0268745	0.563021
72.300	0.00520993	0.00268745	0.563289
72.400	0.0052593	0.0268745	0.565977
72.500	0.00530928	0.0483741	0.570814
72.600	0.00539615	0.0322494	0.574039
72.700	0.005378	0.0188121	0.57592
72.800	0.00548388	0.0456866	0.580489
72.900	0.00550615	0.0188121	0.58237
73.000	0.00546628	0.0188121	0.584252
73.100	0.00548228	0.0349368	0.587745
73.200	0.00552063	0.024187	0.590164
73.300	0.00557923	0.0376243	0.593926
73.400	0.00559697	0.0349368	0.59742
73.500	0.00552134	0.0107498	0.598495
73.600	0.00553515	0.0295619	0.601451
73.700	0.00555186	0.0295619	0.604407
73.800	0.00559378	0.0376243	0.60817
73.900	0.00564624	0.0322494	0.611395
74.000	0.00566441	0.024187	0.613813
74.100	0.0056516	0.0268745	0.616501
74.200	0.00565203	0.0295619	0.619457
74.300	0.00560495	0.0214996	0.621607
74.400	0.00558929	0.0188121	0.623488
74.500	0.00559875	0.0295619	0.626445
74.600	0.0056422	0.024187	0.628863
74.700	0.00570872	0.0349368	0.632357
74.800	0.005679	0.0161247	0.633969
74.900	0.00567617	0.0214996	0.636119
75.000	0.00563341	0.0322494	0.639344
75.100	0.0056341	0.0268745	0.642032
75.200	0.0056165	0.0053749	0.642569
75.300	0.00562523	0.024187	0.644988
75.400	0.00555517	0.0107498	0.646063
75.500	0.00554591	0.0188121	0.647944
75.600	0.00555934	0.0268745	0.650632
75.700	0.00553916	0.0188121	0.652513
75.800	0.00559407	0.0188121	0.654394
75.900	0.00557461	0.0322494	0.657619
76.000	0.00564043	0.0214996	0.659769
76.100	0.00564512	0.0268745	0.662456
76.200	0.00563679	0.024187	0.664875
76.300	0.0056613	0.0161247	0.666488
76.400	0.00562262	0.0214996	0.668637
76.500	0.00563203	0.0295619	0.671594
76.600	0.00565058	0.0188121	0.673475
76.700	0.00558031	0.0188121	0.675356
76.800	0.00556597	0.024187	0.677775
76.900	0.00559101	0.0161247	0.679387
77.000	0.00566323	0.0214996	0.681537
77.100	0.00562961	0.024187	0.683956
77.200	0.00555247	0.0107498	0.685031
77.300	0.00552815	0.0107498	0.686106
77.400	0.00552514	0.0161247	0.687718
77.500	0.00552132	0.0322494	0.690943
77.600	0.0055152	0.0214996	0.693093
77.700	0.0055313	0.0188121	0.694974
77.800	0.00559284	0.0214996	0.697124
77.900	0.00553744	0.0107498	0.698199
78.000	0.00549038	0.0107498	0.699274
78.100	0.00547687	0.0376243	0.703037
78.200	0.00550316	0.0214996	0.705187
78.300	0.00556169	0.0376243	0.708949
78.400	0.00555258	0.0268745	0.711637
78.500	0.00557749	0.0214996	0.713787
78.600	0.00553534	0.0214996	0.715937
78.700	0.00542814	0.0134372	0.71728
78.800	0.00543356	0.0214996	0.71943
78.900	0.0054022	0.0188121	0.721311
79.000	0.00538187	0.0214996	0.723461
79.100	0.00535494	0.0161247	0.725074
79.200	0.00532023	0.0134372	0.726418
79.300	0.00531128	0.024187	0.728836
79.400	0.00525415	0.0107498	0.729911
79.500	0.00523675	0.0161247	0.731524
79.600	0.00519554	0.00806235	0.73233
79.700	0.00516085	0.0053749	0.732868
79.800	0.00516947	0.0214996	0.735017
79.900	0.00509417	0.00268745	0.735286
80.000	0.00507891	0.024187	0.737705
80.100	0.00510596	0.0295619	0.740661
80.200	0.00509713	0.0107498	0.741736
80.300	0.00503325	0.0134372	0.74308
80.400	0.00506423	0.0134372	0.744424
80.500	0.00512965	0.0295619	0.74738
80.600	0.0050919	0.0107498	0.748455
80.700	0.00510102	0.0161247	0.750067
80.800	0.00506587	0.0214996	0.752217
80.900	0.00507682	0.0322494	0.755442
81.000	0.00501959	0.0134372	0.756786
81.100	0.00501053	0.0188121	0.758667
81.200	0.0049557	0.0161247	0.760279
81.300	0.00492784	0.0107498	0.761354
81.400	0.00489334	0.00806235	0.762161
81.500	0.00486892	0.0107498	0.763236
81.600	0.00488991	0.024187	0.765654
81.700	0.00490972	0.0134372	0.766998
81.800	0.00487708	0.0134372	0.768342
81.900	0.00481877	0.0134372	0.769686
82.000	0.00482874	0.0134372	0.771029
82.100	0.00482093	0.00806235	0.771836
82.200	0.00478212	0.0107498	0.772911
82.300	0.00474886	0.0053749	0.773448
82.400	0.00480121	0.0161247	0.77506
82.500	0.00481893	0.0161247	0.776673
82.600	0.00486164	0.0322494	0.779898
82.700	0.00485728	0.024187	0.782317
82.800	0.00482957	0.0161247	0.783929
82.900	0.00489597	0.0161247	0.785542
83.000	0.00485347	0.0107498	0.786617
83.100	0.00487825	0.0214996	0.788766
83.200	0.00490342	0.0188121	0.790648
83.300	0.00491809	0.0161247	0.79226
83.400	0.00493874	0.0107498	0.793335
83.500	0.00488511	0.00806235	0.794141
83.600	0.00487945	0.0134372	0.795485
83.700	0.00485776	0.0107498	0.79656
83.800	0.00484157	0.0134372	0.797904
83.900	0.00481312	0.0107498	0.798979
84.000	0.00483786	0.0188121	0.80086
84.100	0.0048023	0.0107498	0.801935
84.200	0.00474808	0.00268745	0.802204
84.300	0.00475359	0.0161247	0.803816
84.400	0.00470218	0.0134372	0.80516
84.500	0.00470832	0.0134372	0.806504
84.600	0.00468537	0.0161247	0.808116
84.700	0.00467495	0.0134372	0.80946
84.800	0.00464486	0.0107498	0.810535
84.900	0.00460443	0	0.810535
85.000	0.00459532	0.0134372	0.811879
85.100	0.00465071	0.024187	0.814297
85.200	0.00459487	0.00806235	0.815103
85.300	0.00456752	0.0107498	0.816178
85.400	0.00453951	0.0053749	0.816716
85.500	0.00449509	0.0053749	0.817253
85.600	0.00451927	0.0107498	0.818328
85.700	0.00448998	0.00806235	0.819135
85.800	0.00445111	0.00806235	0.819941
85.900	0.00445315	0.00806235	0.820747
86.000	0.00446564	0.0161247	0.82236
86.100	0.00444789	0.00806235	0.823166
86.200	0.0044028	0.0107498	0.824241
86.300	0.00443878	0.0188121	0.826122
86.400	0.00444737	0.0188121	0.828003
86.500	0.00444965	0.0134372	0.829347
86.600	0.00444787	0.00806235	0.830153
86.700	0.00445732	0.0161247	0.831766
86.800	0.00443847	0.0107498	0.832841
86.900	0.00440808	0.0107498	0.833916
87.000	0.00438567	0.00268745	0.834184
87.100	0.00435658	0.0107498	0.835259
87.200	0.00433115	0.00806235	0.836066
87.300	0.00430545	0.0053749	0.836603
87.400	0.00428332	0.0107498	0.837678
87.500	0.00429983	0.0322494	0.840903
87.600	0.00428886	0.0107498	0.841978
87.700	0.00428092	0.0053749	0.842515
87.800	0.00428645	0.0053749	0.843053
87.900	0.0042626	0.0134372	0.844397
88.000	0.00422656	0.00268745	0.844665
88.100	0.0042202	0.0107498	0.84574
88.200	0.00421759	0.00268745	0.846009
88.300	0.00420805	0.0053749	0.846547
88.400	0.00418601	0.0053749	0.847084
88.500	0.00420277	0.0134372	0.848428
88.600	0.00419931	0.00806235	0.849234
88.700	0.00420324	0.0134372	0.850578
88.800	0.00420351	0.0107498	0.851653
88.900	0.00419686	0.0107498	0.852728
89.000	0.00423301	0.00806235	0.853534
89.100	0.00418841	0.0053749	0.854071
89.200	0.00418441	0.0107498	0.855146
89.300	0.004154	0.00806235	0.855953
89.400	0.00413024	0.0053749	0.85649
89.500	0.00411688	0.00268745	0.856759
89.600	0.00408622	0.00806235	0.857565
89.700	0.00407237	0.0134372	0.858909
89.800	0.0040478	0.00268745	0.859178
89.900	0.00407765	0.00806235	0.859984
90.000	0.0040385	0.00806235	0.86079
90.100	0.00404125	0.0107498	0.861865
90.200	0.00403535	0.00806235	0.862671
90.300	0.00403568	0.0107498	0.863746
90.400	0.00399458	0.0053749	0.864284
90.500	0.00400171	0.0053749	0.864821
90.600	0.00400336	0.00806235	0.865628
90.700	0.00399384	0.0134372	0.866971
90.800	0.00400966	0.00806235	0.867777
90.900	0.00396899	0.0053749	0.868315
91.000	0.00395105	0.0053749	0.868852
91.100	0.00391298	0.00268745	0.869121
91.200	0.00388911	0	0.869121
91.300	0.00386116	0	0.869121
91.400	0.00387635	0.0053749	0.869659
91.500	0.00385032	0	0.869659
91.600	0.003827	0.00268745	0.869927
91.700	0.00382536	0.00806235	0.870734
91.800	0.00383396	0.0107498	0.871809
91.900	0.00384465	0.00806235	0.872615
92.000	0.0038239	0.0053749	0.873152
92.100	0.00380268	0.0053749	0.87369
92.200	0.0037671	0.0053749	0.874227
92.300	0.00376642	0.0053749	0.874765
92.400	0.00373812	0	0.874765
92.500	0.00371853	0.0053749	0.875302
92.600	0.0036857	0.0107498	0.876377
92.700	0.00373619	0.0107498	0.877452
92.800	0.0037123	0.0107498	0.878527
92.900	0.0036907	0.00268745	0.878796
93.000	0.00366985	0.00806235	0.879602
93.100	0.00366395	0.00806235	0.880408
93.200	0.00370629	0.0134372	0.881752
93.300	0.00367294	0.0053749	0.88229
93.400	0.00365672	0.00268745	0.882558
93.500	0.00366711	0.00806235	0.883365
93.600	0.00365651	0.00268745	0.883633
93.700	0.00362485	0.00806235	0.88444
93.800	0.00362917	0.0107498	0.885515
93.900	0.00361476	0.00268745	0.885783
94.000	0.00358783	0.0053749	0.886321
94.100	0.00363084	0.0107498	0.887396
94.200	0.00367183	0.0053749	0.887933
94.300	0.00364001	0	0.887933
94.400	0.00362958	0.0053749	0.888471
94.500	0.00361063	0.00268745	0.88874
94.600	0.00359193	0.00268745	0.889008
94.700	0.00354133	0.0053749	0.889546
94.800	0.00353523	0.0053749	0.890083
94.900	0.00351452	0.0053749	0.890621
95.000	0.00352179	0.0107498	0.891696
95.100	0.00353668	0.0161247	0.893308
95.200	0.00353	0.00268745	0.893577
95.300	0.00353395	0	0.893577
95.400	0.00354509	0.0134372	0.894921
95.500	0.00353122	0.00268745	0.895189
95.600	0.00351893	0.00806235	0.895996
95.700	0.00349582	0.0053749	0.896533
95.800	0.00349058	0	0.896533
95.900	0.00346275	0.00268745	0.896802
96.000	0.00342061	0	0.896802
96.100	0.00340708	0.0053749	0.897339
96.200	0.00339395	0.0107498	0.898414
96.300	0.00338519	0.0053749	0.898952
96.400	0.00339341	0.0107498	0.900027
96.500	0.00338556	0.0053749	0.900564
96.600	0.00337519	0.00268745	0.900833
96.700	0.00335249	0.00806235	0.901639
96.800	0.00334943	0.00268745	0.901908
96.900	0.00335429	0.00806235	0.902714
97.000	0.00332489	0	0.902714
97.100	0.00331924	0	0.902714
97.200	0.00332506	0.0053749	0.903252
97.300	0.00329117	0.00268745	0.903521
97.400	0.00330125	0.0161247	0.905133
97.500	0.00327313	0.00268745	0.905402
97.600	0.00325676	0	0.905402
97.700	0.00320723	0.0053749	0.905939
97.800	0.00321895	0.00268745	0.906208
97.900	0.00319263	0.00268745	0.906477
98.000	0.00319241	0.00268745	0.906745
98.100	0.00317415	0.00806235	0.907552
98.200	0.00315427	0.00268745	0.90782
98.300	0.00314192	0.0107498	0.908895
98.400	0.00312097	0.00268745	0.909164
98.500	0.00310778	0	0.909164
98.600	0.00307711	0	0.909164
98.700	0.00307951	0.00806235	0.90997
98.800	0.00304877	0.00268745	0.910239
98.900	0.00305695	0.0053749	0.910777
99.000	0.00304958	0.00806235	0.911583
99.100	0.00300884	0.00268745	0.911852
99.200	0.00300878	0.00806235	0.912658
99.300	0.00298596	0	0.912658
99.400	0.00296831	0	0.912658
99.500	0.00295815	0.00268745	0.912927
99.600	0.00295075	0.0053749	0.913464
99.700	0.00296412	0.00806235	0.91427
99.800	0.00293116	0	0.91427
99.900	0.00292928	0.00806235	0.915077
100.000	0.00293347	0.0161247	0.916689
100.100	0.00291367	0.00268745	0.916958
100.200	0.00289674	0	0.916958
100.300	0.00289465	0.00806235	0.917764
100.400	0.00287423	0	0.917764
100.500	0.00287866	0.0053749	0.918302
100.600	0.00288568	0.0161247	0.919914
100.700	0.00286728	0.00268745	0.920183
100.800	0.00285061	0	0.920183
100.900	0.00284664	0	0.920183
101.000	0.00284944	0.0107498	0.921258
101.100	0.00285101	0.00806235	0.922064
101.200	0.00284662	0.0053749	0.922601
101.300	0.00284974	0.0053749	0.923139
101.400	0.00282461	0.00268745	0.923408
101.500	0.00280901	0.00268745	0.923676
101.600	0.00279138	0	0.923676
101.700	0.00278675	0.00268745	0.923945
101.800	0.00278794	0.0053749	0.924483
101.900	0.00277193	0.00268745	0.924751
102.000	0.00274409	0	0.924751
102.100	0.00276587	0.00268745	0.92502
102.200	0.00273779	0.0053749	0.925558
102.300	0.0027355	0.00268745	0.925826
102.400	0.00272312	0.00806235	0.926633
102.500	0.00270036	0	0.926633
102.600	0.00270777	0.00268745	0.926901
102.700	0.00268791	0.00268745	0.92717
102.800	0.00268062	0.0053749	0.927708
102.900	0.00266554	0	0.927708
103.000	0.00265401	0	0.927708
103.100	0.00263883	0.0053749	0.928245
103.200	0.00263363	0.0053749	0.928783
103.300	0.00261789	0	0.928783
103.400	0.00261905	0.0053749	0.92932
103.500	0.00261726	0.00268745	0.929589
103.600	0.00261048	0.00268745	0.929858
103.700	0.0026056	0.00806235	0.930664
103.800	0.00258266	0.00268745	0.930933
103.900	0.00258332	0.00268745	0.931201
104.000	0.00258114	0.0053749	0.931739
104.100	0.00260557	0.00268745	0.932008
104.200	0.00257334	0	0.932008
104.300	0.00255047	0.00268745	0.932276
104.400	0.00253576	0.0053749	0.932814
104.500	0.00253155	0.00268745	0.933083
104.600	0.00252707	0.0053749	0.93362
104.700	0.00252981	0.00268745	0.933889
104.800	0.00256689	0.00806235	0.934695
104.900	0.00256536	0.00806235	0.935501
105.000	0.00255629	0	0.935501
105.100	0.00252388	0	0.935501
105.200	0.00251141	0.0053749	0.936039
105.300	0.00247737	0	0.936039
105.400	0.00247389	0.00268745	0.936307
105.500	0.00249669	0.0107498	0.937382
105.600	0.00248164	0	0.937382
105.700	0.00246636	0.00268745	0.937651
105.800	0.00245253	0.00268745	0.93792
105.900	0.00242976	0.00268745	0.938189
106.000	0.00241387	0.00268745	0.938457
106.100	0.00240426	0	0.938457
106.200	0.00238921	0.00268745	0.938726
106.300	0.00236442	0.00268745	0.938995
106.400	0.00235553	0.00268745	0.939264
106.500	0.0023488	0.0107498	0.940339
106.600	0.0023613	0.0053749	0.940876
106.700	0.00235689	0.00268745	0.941145
106.800	0.00233267	0	0.941145
106.900	0.00232275	0.0053749	0.941682
107.000	0.00229787	0	0.941682
107.100	0.00230202	0.00268745	0.941951
107.200	0.00230266	0.0053749	0.942489
107.300	0.00228572	0.00268745	0.942757
107.400	0.00227219	0.0053749	0.943295
107.500	0.00226038	0.00268745	0.943564
107.600	0.00225248	0.00268745	0.943832
107.700	0.00224886	0.00268745	0.944101
107.800	0.00223036	0.0053749	0.944639
107.900	0.00222099	0	0.944639
108.000	0.00219527	0	0.944639
108.100	0.00219261	0	0.944639
108.200	0.00220269	0.00268745	0.944907
108.300	0.00220449	0	0.944907
108.400	0.00218788	0	0.944907
108.500	0.0021733	0	0.944907
108.600	0.00216263	0.00268745	0.945176
108.700	0.00216144	0	0.945176
108.800	0.0021378	0	0.945176
108.900	0.00213844	0.00268745	0.945445
109.000	0.00212804	0.0053749	0.945982
109.100	0.00210996	0.00268745	0.946251
109.200	0.00209775	0.00268745	0.94652
109.300	0.00210372	0.00268745	0.946788
109.400	0.00209758	0.0053749	0.947326
109.500	0.0020805	0	0.947326
109.600	0.00207137	0.00806235	0.948132
109.700	0.00210507	0.0053749	0.94867
109.800	0.00209546	0	0.94867
109.900	0.00209579	0.00268745	0.948938
110.000	0.00207588	0	0.948938
110.100	0.00206183	0	0.948938
110.200	0.00205955	0.00268745	0.949207
110.300	0.00203894	0.0053749	0.949745
110.400	0.00204622	0.00268745	0.950013
110.500	0.00204052	0	0.950013
110.600	0.00203284	0.00268745	0.950282
110.700	0.00202325	0	0.950282
110.800	0.00201429	0.0053749	0.95082
110.900	0.00200159	0.0053749	0.951357
111.000	0.00197937	0	0.951357
111.100	0.00201224	0.00806235	0.952163
111.200	0.00200253	0	0.952163
111.300	0.00199431	0	0.952163
111.400	0.00197685	0.00268745	0.952432
111.500	0.00200398	0.00806235	0.953238
111.600	0.001998	0	0.953238
111.700	0.00198591	0	0.953238
111.800	0.00197775	0.00268745	0.953507
111.900	0.00196363	0	0.953507
112.000	0.00195428	0	0.953507
112.100	0.00195458	0.00268745	0.953776
112.200	0.00193343	0	0.953776
112.300	0.00192459	0	0.953776
112.400	0.00191378	0	0.953776
112.500	0.00191755	0.0053749	0.954313
112.600	0.00191307	0	0.954313
112.700	0.00189089	0.00268745	0.954582
112.800	0.00188594	0	0.954582
112.900	0.00188221	0	0.954582
113.000	0.00187408	0.00268745	0.954851
113.100	0.00187097	0.00268745	0.95512
113.200	0.00185321	0	0.95512
113.300	0.00184359	0.00268745	0.955388
113.400	0.00184021	0.00268745	0.955657
113.500	0.0018307	0	0.955657
113.600	0.00182753	0.0053749	0.956195
113.700	0.001834	0.00268745	0.956463
113.800	0.00183079	0.00268745	0.956732
113.900	0.00181797	0	0.956732
114.000	0.00181698	0.00268745	0.957001
114.100	0.00180269	0.00268745	0.95727
114.200	0.00178868	0	0.95727
114.300	0.00178367	0.00806235	0.958076
114.400	0.00178919	0	0.958076
114.500	0.00177656	0	0.958076
114.600	0.00175946	0.00268745	0.958345
114.700	0.00174999	0	0.958345
114.800	0.00174445	0	0.958345
114.900	0.00173345	0	0.958345
115.000	0.00172292	0.00268745	0.958613
115.100	0.00171434	0	0.958613
115.200	0.00172104	0.00268745	0.958882
115.300	0.00170457	0	0.958882
115.400	0.00168806	0.00268745	0.959151
115.500	0.00169617	0	0.959151
115.600	0.00169264	0.00268745	0.95942
115.700	0.00168235	0.00268745	0.959688
115.800	0.0016788	0.00268745	0.959957
115.900	0.00167617	0.00268745	0.960226
116.000	0.00167517	0	0.960226
116.100	0.00166617	0	0.960226
116.200	0.0016472	0	0.960226
116.300	0.00168377	0.0107498	0.961301
116.400	0.00167513	0	0.961301
116.500	0.00165943	0	0.961301
116.600	0.00164718	0	0.961301
116.700	0.00164504	0	0.961301
116.800	0.00164286	0.00268745	0.961569
116.900	0.00164488	0.00268745	0.961838
117.000	0.00162614	0	0.961838
117.100	0.00161407	0	0.961838
117.200	0.00161502	0.00268745	0.962107
117.300	0.00160803	0	0.962107
117.400	0.00159886	0	0.962107
117.500	0.00159179	0	0.962107
117.600	0.00157012	0	0.962107
117.700	0.00156786	0.00268745	0.962376
117.800	0.00156546	0.00268745	0.962644
117.900	0.00155972	0.0053749	0.963182
118.000	0.00156047	0.00268745	0.963451
118.100	0.00155205	0	0.963451
118.200	0.00153994	0	0.963451
118.300	0.00153487	0.00268745	0.963719
118.400	0.00152472	0	0.963719
118.500	0.00153493	0.00806235	0.964526
118.600	0.00151587	0	0.964526
118.700	0.00152805	0.00268745	0.964794
118.800	0.00152108	0	0.964794
118.900	0.00151557	0.00268745	0.965063
119.000	0.0015065	0.00268745	0.965332
119.100	0.00152065	0.00806235	0.966138
119.200	0.00150922	0.00268745	0.966407
119.300	0.0015127	0	0.966407
119.400	0.00150422	0	0.966407
119.500	0.00150063	0	0.966407
119.600	0.00149044	0	0.966407
119.700	0.00148658	0	0.966407
119.800	0.00146323	0	0.966407
119.900	0.00145378	0	0.966407
120.000	0.0014602	0	0.966407
120.100	0.00146711	0	0.966407
120.200	0.00145649	0	0.966407
120.300	0.00144519	0	0.966407
120.400	0.00144398	0	0.966407
120.500	0.00142836	0	0.966407
120.600	0.00141724	0.00268745	0.966676
120.700	0.00142529	0.00268745	0.966944
120.800	0.00142971	0.0053749	0.967482
120.900	0.00142173	0	0.967482
121.000	0.00140952	0	0.967482
121.100	0.00140609	0	0.967482
121.200	0.0014037	0.00268745	0.967751
121.300	0.00139839	0	0.967751
121.400	0.00139271	0	0.967751
121.500	0.00138495	0	0.967751
121.600	0.00137909	0	0.967751
121.700	0.00137886	0.00268745	0.968019
121.800	0.0013736	0	0.968019
121.900	0.00135599	0	0.968019
122.000	0.00135538	0	0.968019
122.100	0.00134972	0	0.968019
122.200	0.00136163	0.00806235	0.968826
122.300	0.00135695	0	0.968826
122.400	0.00136327	0.00268745	0.969094
122.500	0.0013534	0	0.969094
122.600	0.00134237	0.00268745	0.969363
122.700	0.00135635	0.00268745	0.969632
122.800	0.00134284	0	0.969632
122.900	0.00133044	0	0.969632
123.000	0.00133422	0.00268745	0.969901
123.100	0.0013399	0.00268745	0.970169
123.200	0.00133533	0	0.970169
123.300	0.00132691	0	0.970169
123.400	0.00132669	0.00268745	0.970438
123.500	0.00131972	0	0.970438
123.600	0.00131336	0	0.970438
123.700	0.001309	0.00268745	0.970707
123.800	0.00130632	0	0.970707
123.900	0.00129222	0	0.970707
124.000	0.00129096	0	0.970707
124.100	0.00128353	0	0.970707
124.200	0.00128103	0.00268745	0.970976
124.300	0.00127558	0	0.970976
124.400	0.00128985	0.00268745	0.971244
124.500	0.0012815	0	0.971244
124.600	0.00126983	0	0.971244
124.700	0.00125601	0	0.971244
124.800	0.00125443	0	0.971244
124.900	0.00125783	0.00268745	0.971513
125.000	0.0012486	0.00268745	0.971782
125.100	0.00124902	0	0.971782
125.200	0.00123256	0	0.971782
125.300	0.00122498	0	0.971782
125.400	0.00121402	0	0.971782
125.500	0.00121439	0.00268745	0.972051
125.600	0.00120693	0	0.972051
125.700	0.00118138	0.00268745	0.972319
125.800	0.00119483	0	0.972319
125.900	0.00118864	0	0.972319
126.000	0.00117512	0	0.972319
126.100	0.00117518	0	0.972319
126.200	0.00116374	0	0.972319
126.300	0.00116509	0	0.972319
126.400	0.0011672	0.00268745	0.972588
126.500	0.00115709	0	0.972588
126.600	0.00115366	0	0.972588
126.700	0.00114394	0	0.972588
126.800	0.00113947	0	0.972588
126.900	0.00113724	0.00268745	0.972857
127.000	0.00112819	0	0.972857
127.100	0.00112938	0	0.972857
127.200	0.00113059	0.00268745	0.973126
127.300	0.00112327	0.00268745	0.973394
127.400	0.00111575	0	0.973394
127.500	0.00110083	0	0.973394
127.600	0.00110179	0	0.973394
127.700	0.00108904	0	0.973394
127.800	0.00108955	0	0.973394
127.900	0.00108141	0	0.973394
128.000	0.00107481	0	0.973394
128.100	0.0010675	0	0.973394
128.200	0.0010625	0	0.973394
128.300	0.00105614	0	0.973394
128.400	0.00104892	0	0.973394
128.500	0.00104606	0	0.973394
128.600	0.00104046	0	0.973394
128.700	0.00103638	0	0.973394
128.800	0.00102766	0	0.973394
128.900	0.00101854	0	0.973394
129.000	0.00100891	0	0.973394
129.100	0.00101209	0	0.973394
129.200	0.00101232	0.00268745	0.973663
129.300	0.00101321	0	0.973663
129.400	0.00100795	0	0.973663
129.500	0.001002	0	0.973663
129.600	0.000998148	0	0.973663
129.700	0.000989132	0	0.973663
129.800	0.000977297	0	0.973663
129.900	0.000979034	0	0.973663
